  -1.2000000e+02   6.0698667e-01   0.0000000e+00
  -1.1200000e+02   6.0697429e-01   0.0000000e+00
  -1.0400000e+02   6.0696190e-01   0.0000000e+00
  -9.6000000e+01   6.0694952e-01   0.0000000e+00
  -8.8000000e+01   6.0693713e-01   0.0000000e+00
  -8.0000000e+01   6.0692475e-01   0.0000000e+00
  -7.2000000e+01   6.0691236e-01   0.0000000e+00
  -6.4000000e+01   6.0689998e-01   0.0000000e+00
  -5.6000000e+01   6.0688760e-01   0.0000000e+00
  -4.8000000e+01   6.0687521e-01   0.0000000e+00
  -4.0000000e+01   6.0686283e-01   0.0000000e+00
  -3.2000000e+01   6.0685045e-01   0.0000000e+00
  -2.4000000e+01   6.0683807e-01   0.0000000e+00
  -1.6000000e+01   6.0682568e-01   0.0000000e+00
  -8.0000000e+00   6.0681330e-01   0.0000000e+00
   0.0000000e+00   6.0680092e-01   0.0000000e+00
   8.0000000e+00   6.0678854e-01   0.0000000e+00
   1.6000000e+01   6.0677616e-01   0.0000000e+00
   2.4000000e+01   6.0676377e-01   0.0000000e+00
   3.2000000e+01   6.0675139e-01   0.0000000e+00
   4.0000000e+01   6.0673901e-01   0.0000000e+00
   4.8000000e+01   6.0672663e-01   0.0000000e+00
   5.6000000e+01   6.0671425e-01   0.0000000e+00
   6.4000000e+01   6.0670187e-01   0.0000000e+00
   7.2000000e+01   6.0668949e-01   0.0000000e+00
   8.0000000e+01   6.0667711e-01   0.0000000e+00
   8.8000000e+01   6.0666474e-01   0.0000000e+00
   9.6000000e+01   6.0665236e-01   0.0000000e+00
   1.0400000e+02   6.0663998e-01   0.0000000e+00
   1.1200000e+02   6.0662760e-01   0.0000000e+00
   1.2000000e+02   6.0661522e-01   0.0000000e+00
   1.2800000e+02   6.0660284e-01   0.0000000e+00
   1.3600000e+02   6.0659047e-01   0.0000000e+00
   1.4400000e+02   6.0657809e-01   0.0000000e+00
   1.5200000e+02   6.0656571e-01   0.0000000e+00
   1.6000000e+02   6.0655333e-01   0.0000000e+00
   1.6800000e+02   6.0654096e-01   0.0000000e+00
   1.7600000e+02   6.0652858e-01   0.0000000e+00
   1.8400000e+02   6.0651621e-01   0.0000000e+00
   1.9200000e+02   6.0650383e-01   0.0000000e+00
   2.0000000e+02   6.0649145e-01   0.0000000e+00
   2.0800000e+02   6.0647908e-01   0.0000000e+00
   2.1600000e+02   6.0646670e-01   0.0000000e+00
   2.2400000e+02   6.0645433e-01   0.0000000e+00
   2.3200000e+02   6.0644195e-01   0.0000000e+00
   2.4000000e+02   6.0642958e-01   0.0000000e+00
   2.4800000e+02   6.0641721e-01   0.0000000e+00
   2.5600000e+02   6.0640483e-01   0.0000000e+00
   2.6400000e+02   6.0639246e-01   0.0000000e+00
   2.7200000e+02   6.0638009e-01   0.0000000e+00
   2.8000000e+02   6.0636771e-01   0.0000000e+00
   2.8800000e+02   6.0635534e-01   0.0000000e+00
   2.9600000e+02   6.0634297e-01   0.0000000e+00
   3.0400000e+02   6.0633060e-01   0.0000000e+00
   3.1200000e+02   6.0631822e-01   0.0000000e+00
   3.2000000e+02   6.0630585e-01   0.0000000e+00
   3.2800000e+02   6.0629348e-01   0.0000000e+00
   3.3600000e+02   6.0628111e-01   0.0000000e+00
   3.4400000e+02   6.0626874e-01   0.0000000e+00
   3.5200000e+02   6.0625637e-01   0.0000000e+00
   3.6000000e+02   6.0624400e-01   0.0000000e+00
   3.6800000e+02   6.0623163e-01   0.0000000e+00
   3.7600000e+02   6.0621926e-01   0.0000000e+00
   3.8400000e+02   6.0620689e-01   0.0000000e+00
   3.9200000e+02   6.0619452e-01   0.0000000e+00
   4.0000000e+02   6.0618215e-01   0.0000000e+00
   4.0800000e+02   6.0616978e-01   0.0000000e+00
   4.1600000e+02   6.0615741e-01   0.0000000e+00
   4.2400000e+02   6.0614504e-01   0.0000000e+00
   4.3200000e+02   6.0613267e-01   0.0000000e+00
   4.4000000e+02   6.0612031e-01   0.0000000e+00
   4.4800000e+02   6.0610794e-01   0.0000000e+00
   4.5600000e+02   6.0609557e-01   0.0000000e+00
   4.6400000e+02   6.0608320e-01   0.0000000e+00
   4.7200000e+02   6.0607084e-01   0.0000000e+00
   4.8000000e+02   6.0605847e-01   0.0000000e+00
   4.8800000e+02   6.0604610e-01   0.0000000e+00
   4.9600000e+02   6.0603374e-01   0.0000000e+00
   5.0400000e+02   6.0602137e-01   0.0000000e+00
   5.1200000e+02   6.0600901e-01   0.0000000e+00
   5.2000000e+02   6.0599664e-01   0.0000000e+00
   5.2800000e+02   6.0598427e-01   0.0000000e+00
   5.3600000e+02   6.0597191e-01   0.0000000e+00
   5.4400000e+02   6.0595954e-01   0.0000000e+00
   5.5200000e+02   6.0594718e-01   0.0000000e+00
   5.6000000e+02   6.0593482e-01   0.0000000e+00
   5.6800000e+02   6.0592245e-01   0.0000000e+00
   5.7600000e+02   6.0591009e-01   0.0000000e+00
   5.8400000e+02   6.0589773e-01   0.0000000e+00
   5.9200000e+02   6.0588536e-01   0.0000000e+00
   6.0000000e+02   6.0587300e-01   0.0000000e+00
   6.0800000e+02   6.0586064e-01   0.0000000e+00
   6.1600000e+02   6.0584827e-01   0.0000000e+00
   6.2400000e+02   6.0583591e-01   0.0000000e+00
   6.3200000e+02   6.0582355e-01   0.0000000e+00
   6.4000000e+02   6.0581119e-01   0.0000000e+00
   6.4800000e+02   6.0579883e-01   0.0000000e+00
   6.5600000e+02   6.0578647e-01   0.0000000e+00
   6.6400000e+02   6.0577410e-01   0.0000000e+00
   6.7200000e+02   6.0576174e-01   0.0000000e+00
   6.8000000e+02   6.0574938e-01   0.0000000e+00
   6.8800000e+02   6.0573702e-01   0.0000000e+00
   6.9600000e+02   6.0572466e-01   0.0000000e+00
   7.0400000e+02   6.0571230e-01   0.0000000e+00
   7.1200000e+02   6.0569994e-01   0.0000000e+00
   7.2000000e+02   6.0568759e-01   0.0000000e+00
   7.2800000e+02   6.0567523e-01   0.0000000e+00
   7.3600000e+02   6.0566287e-01   0.0000000e+00
   7.4400000e+02   6.0565051e-01   0.0000000e+00
   7.5200000e+02   6.0563815e-01   0.0000000e+00
   7.6000000e+02   6.0562579e-01   0.0000000e+00
   7.6800000e+02   6.0561344e-01   0.0000000e+00
   7.7600000e+02   6.0560108e-01   0.0000000e+00
   7.8400000e+02   6.0558872e-01   0.0000000e+00
   7.9200000e+02   6.0557636e-01   0.0000000e+00
   8.0000000e+02   6.0556401e-01   0.0000000e+00
   8.0800000e+02   6.0555165e-01   0.0000000e+00
   8.1600000e+02   6.0553930e-01   0.0000000e+00
   8.2400000e+02   6.0552694e-01   0.0000000e+00
   8.3200000e+02   6.0551458e-01   0.0000000e+00
   8.4000000e+02   6.0550223e-01   0.0000000e+00
   8.4800000e+02   6.0548987e-01   0.0000000e+00
   8.5600000e+02   6.0547752e-01   0.0000000e+00
   8.6400000e+02   6.0546516e-01   0.0000000e+00
   8.7200000e+02   6.0545281e-01   0.0000000e+00
   8.8000000e+02   6.0544046e-01   0.0000000e+00
   8.8800000e+02   6.0542810e-01   0.0000000e+00
   8.9600000e+02   6.0541575e-01   0.0000000e+00
   9.0400000e+02   6.0540339e-01   0.0000000e+00
   9.1200000e+02   6.0539104e-01   0.0000000e+00
