  -1.2000000e+02   8.7418937e-01   0.0000000e+00
  -1.1200000e+02   8.7404386e-01   0.0000000e+00
  -1.0400000e+02   8.7389837e-01   0.0000000e+00
  -9.6000000e+01   8.7375290e-01   0.0000000e+00
  -8.8000000e+01   8.7360746e-01   0.0000000e+00
  -8.0000000e+01   8.7346205e-01   0.0000000e+00
  -7.2000000e+01   8.7331665e-01   0.0000000e+00
  -6.4000000e+01   8.7317129e-01   0.0000000e+00
  -5.6000000e+01   8.7302594e-01   0.0000000e+00
  -4.8000000e+01   8.7288062e-01   0.0000000e+00
  -4.0000000e+01   8.7273533e-01   0.0000000e+00
  -3.2000000e+01   8.7259005e-01   0.0000000e+00
  -2.4000000e+01   8.7244481e-01   0.0000000e+00
  -1.6000000e+01   8.7229958e-01   0.0000000e+00
  -8.0000000e+00   8.7215438e-01   0.0000000e+00
   0.0000000e+00   8.7200921e-01   0.0000000e+00
   8.0000000e+00   8.7186406e-01   0.0000000e+00
   1.6000000e+01   8.7171893e-01   0.0000000e+00
   2.4000000e+01   8.7157383e-01   0.0000000e+00
   3.2000000e+01   8.7142875e-01   0.0000000e+00
   4.0000000e+01   8.7128370e-01   0.0000000e+00
   4.8000000e+01   8.7113867e-01   0.0000000e+00
   5.6000000e+01   8.7099366e-01   0.0000000e+00
   6.4000000e+01   8.7084868e-01   0.0000000e+00
   7.2000000e+01   8.7070372e-01   0.0000000e+00
   8.0000000e+01   8.7055879e-01   0.0000000e+00
   8.8000000e+01   8.7041388e-01   0.0000000e+00
   9.6000000e+01   8.7026899e-01   0.0000000e+00
   1.0400000e+02   8.7012413e-01   0.0000000e+00
   1.1200000e+02   8.6997930e-01   0.0000000e+00
   1.2000000e+02   8.6983448e-01   0.0000000e+00
   1.2800000e+02   8.6968969e-01   0.0000000e+00
   1.3600000e+02   8.6954493e-01   0.0000000e+00
   1.4400000e+02   8.6940019e-01   0.0000000e+00
   1.5200000e+02   8.6925547e-01   0.0000000e+00
   1.6000000e+02   8.6911078e-01   0.0000000e+00
   1.6800000e+02   8.6896611e-01   0.0000000e+00
   1.7600000e+02   8.6882147e-01   0.0000000e+00
   1.8400000e+02   8.6867685e-01   0.0000000e+00
   1.9200000e+02   8.6853225e-01   0.0000000e+00
   2.0000000e+02   8.6838768e-01   0.0000000e+00
   2.0800000e+02   8.6824313e-01   0.0000000e+00
   2.1600000e+02   8.6809861e-01   0.0000000e+00
   2.2400000e+02   8.6795411e-01   0.0000000e+00
   2.3200000e+02   8.6780963e-01   0.0000000e+00
   2.4000000e+02   8.6766518e-01   0.0000000e+00
   2.4800000e+02   8.6752075e-01   0.0000000e+00
   2.5600000e+02   8.6737635e-01   0.0000000e+00
   2.6400000e+02   8.6723197e-01   0.0000000e+00
   2.7200000e+02   8.6708762e-01   0.0000000e+00
   2.8000000e+02   8.6694328e-01   0.0000000e+00
   2.8800000e+02   8.6679898e-01   0.0000000e+00
   2.9600000e+02   8.6665469e-01   0.0000000e+00
   3.0400000e+02   8.6651043e-01   0.0000000e+00
   3.1200000e+02   8.6636620e-01   0.0000000e+00
   3.2000000e+02   8.6622199e-01   0.0000000e+00
   3.2800000e+02   8.6607780e-01   0.0000000e+00
   3.3600000e+02   8.6593364e-01   0.0000000e+00
   3.4400000e+02   8.6578950e-01   0.0000000e+00
   3.5200000e+02   8.6564538e-01   0.0000000e+00
   3.6000000e+02   8.6550129e-01   0.0000000e+00
   3.6800000e+02   8.6535722e-01   0.0000000e+00
   3.7600000e+02   8.6521318e-01   0.0000000e+00
   3.8400000e+02   8.6506916e-01   0.0000000e+00
   3.9200000e+02   8.6492516e-01   0.0000000e+00
   4.0000000e+02   8.6478119e-01   0.0000000e+00
   4.0800000e+02   8.6463724e-01   0.0000000e+00
   4.1600000e+02   8.6449332e-01   0.0000000e+00
   4.2400000e+02   8.6434942e-01   0.0000000e+00
   4.3200000e+02   8.6420555e-01   0.0000000e+00
   4.4000000e+02   8.6406169e-01   0.0000000e+00
   4.4800000e+02   8.6391787e-01   0.0000000e+00
   4.5600000e+02   8.6377406e-01   0.0000000e+00
   4.6400000e+02   8.6363028e-01   0.0000000e+00
   4.7200000e+02   8.6348653e-01   0.0000000e+00
   4.8000000e+02   8.6334279e-01   0.0000000e+00
   4.8800000e+02   8.6319909e-01   0.0000000e+00
   4.9600000e+02   8.6305540e-01   0.0000000e+00
   5.0400000e+02   8.6291174e-01   0.0000000e+00
   5.1200000e+02   8.6276810e-01   0.0000000e+00
   5.2000000e+02   8.6262449e-01   0.0000000e+00
   5.2800000e+02   8.6248090e-01   0.0000000e+00
   5.3600000e+02   8.6233734e-01   0.0000000e+00
   5.4400000e+02   8.6219380e-01   0.0000000e+00
   5.5200000e+02   8.6205028e-01   0.0000000e+00
   5.6000000e+02   8.6190679e-01   0.0000000e+00
   5.6800000e+02   8.6176332e-01   0.0000000e+00
   5.7600000e+02   8.6161987e-01   0.0000000e+00
   5.8400000e+02   8.6147645e-01   0.0000000e+00
   5.9200000e+02   8.6133306e-01   0.0000000e+00
   6.0000000e+02   8.6118968e-01   0.0000000e+00
   6.0800000e+02   8.6104633e-01   0.0000000e+00
   6.1600000e+02   8.6090301e-01   0.0000000e+00
   6.2400000e+02   8.6075970e-01   0.0000000e+00
   6.3200000e+02   8.6061643e-01   0.0000000e+00
   6.4000000e+02   8.6047317e-01   0.0000000e+00
   6.4800000e+02   8.6032994e-01   0.0000000e+00
   6.5600000e+02   8.6018673e-01   0.0000000e+00
   6.6400000e+02   8.6004355e-01   0.0000000e+00
   6.7200000e+02   8.5990039e-01   0.0000000e+00
   6.8000000e+02   8.5975726e-01   0.0000000e+00
   6.8800000e+02   8.5961415e-01   0.0000000e+00
   6.9600000e+02   8.5947106e-01   0.0000000e+00
   7.0400000e+02   8.5932799e-01   0.0000000e+00
   7.1200000e+02   8.5918495e-01   0.0000000e+00
   7.2000000e+02   8.5904194e-01   0.0000000e+00
   7.2800000e+02   8.5889895e-01   0.0000000e+00
   7.3600000e+02   8.5875598e-01   0.0000000e+00
   7.4400000e+02   8.5861303e-01   0.0000000e+00
   7.5200000e+02   8.5847011e-01   0.0000000e+00
   7.6000000e+02   8.5832722e-01   0.0000000e+00
   7.6800000e+02   8.5818434e-01   0.0000000e+00
   7.7600000e+02   8.5804149e-01   0.0000000e+00
   7.8400000e+02   8.5789867e-01   0.0000000e+00
   7.9200000e+02   8.5775587e-01   0.0000000e+00
   8.0000000e+02   8.5761309e-01   0.0000000e+00
   8.0800000e+02   8.5747033e-01   0.0000000e+00
   8.1600000e+02   8.5732760e-01   0.0000000e+00
   8.2400000e+02   8.5718489e-01   0.0000000e+00
   8.3200000e+02   8.5704221e-01   0.0000000e+00
   8.4000000e+02   8.5689955e-01   0.0000000e+00
   8.4800000e+02   8.5675692e-01   0.0000000e+00
   8.5600000e+02   8.5661430e-01   0.0000000e+00
   8.6400000e+02   8.5647172e-01   0.0000000e+00
   8.7200000e+02   8.5632915e-01   0.0000000e+00
   8.8000000e+02   8.5618661e-01   0.0000000e+00
   8.8800000e+02   8.5604409e-01   0.0000000e+00
   8.9600000e+02   8.5590160e-01   0.0000000e+00
   9.0400000e+02   8.5575913e-01   0.0000000e+00
   9.1200000e+02   8.5561669e-01   0.0000000e+00
