  -1.2000000e+02   6.6290684e-01   0.0000000e+00
  -1.1200000e+02   6.6279048e-01   0.0000000e+00
  -1.0400000e+02   6.6267414e-01   0.0000000e+00
  -9.6000000e+01   6.6255782e-01   0.0000000e+00
  -8.8000000e+01   6.6244152e-01   0.0000000e+00
  -8.0000000e+01   6.6232524e-01   0.0000000e+00
  -7.2000000e+01   6.6220898e-01   0.0000000e+00
  -6.4000000e+01   6.6209274e-01   0.0000000e+00
  -5.6000000e+01   6.6197653e-01   0.0000000e+00
  -4.8000000e+01   6.6186033e-01   0.0000000e+00
  -4.0000000e+01   6.6174415e-01   0.0000000e+00
  -3.2000000e+01   6.6162800e-01   0.0000000e+00
  -2.4000000e+01   6.6151186e-01   0.0000000e+00
  -1.6000000e+01   6.6139574e-01   0.0000000e+00
  -8.0000000e+00   6.6127965e-01   0.0000000e+00
   0.0000000e+00   6.6116357e-01   0.0000000e+00
   8.0000000e+00   6.6104752e-01   0.0000000e+00
   1.6000000e+01   6.6093148e-01   0.0000000e+00
   2.4000000e+01   6.6081547e-01   0.0000000e+00
   3.2000000e+01   6.6069948e-01   0.0000000e+00
   4.0000000e+01   6.6058350e-01   0.0000000e+00
   4.8000000e+01   6.6046755e-01   0.0000000e+00
   5.6000000e+01   6.6035162e-01   0.0000000e+00
   6.4000000e+01   6.6023570e-01   0.0000000e+00
   7.2000000e+01   6.6011981e-01   0.0000000e+00
   8.0000000e+01   6.6000394e-01   0.0000000e+00
   8.8000000e+01   6.5988809e-01   0.0000000e+00
   9.6000000e+01   6.5977226e-01   0.0000000e+00
   1.0400000e+02   6.5965645e-01   0.0000000e+00
   1.1200000e+02   6.5954066e-01   0.0000000e+00
   1.2000000e+02   6.5942489e-01   0.0000000e+00
   1.2800000e+02   6.5930914e-01   0.0000000e+00
   1.3600000e+02   6.5919341e-01   0.0000000e+00
   1.4400000e+02   6.5907770e-01   0.0000000e+00
   1.5200000e+02   6.5896201e-01   0.0000000e+00
   1.6000000e+02   6.5884634e-01   0.0000000e+00
   1.6800000e+02   6.5873069e-01   0.0000000e+00
   1.7600000e+02   6.5861507e-01   0.0000000e+00
   1.8400000e+02   6.5849946e-01   0.0000000e+00
   1.9200000e+02   6.5838387e-01   0.0000000e+00
   2.0000000e+02   6.5826831e-01   0.0000000e+00
   2.0800000e+02   6.5815276e-01   0.0000000e+00
   2.1600000e+02   6.5803723e-01   0.0000000e+00
   2.2400000e+02   6.5792173e-01   0.0000000e+00
   2.3200000e+02   6.5780624e-01   0.0000000e+00
   2.4000000e+02   6.5769077e-01   0.0000000e+00
   2.4800000e+02   6.5757533e-01   0.0000000e+00
   2.5600000e+02   6.5745990e-01   0.0000000e+00
   2.6400000e+02   6.5734450e-01   0.0000000e+00
   2.7200000e+02   6.5722912e-01   0.0000000e+00
   2.8000000e+02   6.5711375e-01   0.0000000e+00
   2.8800000e+02   6.5699841e-01   0.0000000e+00
   2.9600000e+02   6.5688308e-01   0.0000000e+00
   3.0400000e+02   6.5676778e-01   0.0000000e+00
   3.1200000e+02   6.5665250e-01   0.0000000e+00
   3.2000000e+02   6.5653723e-01   0.0000000e+00
   3.2800000e+02   6.5642199e-01   0.0000000e+00
   3.3600000e+02   6.5630677e-01   0.0000000e+00
   3.4400000e+02   6.5619157e-01   0.0000000e+00
   3.5200000e+02   6.5607638e-01   0.0000000e+00
   3.6000000e+02   6.5596122e-01   0.0000000e+00
   3.6800000e+02   6.5584608e-01   0.0000000e+00
   3.7600000e+02   6.5573096e-01   0.0000000e+00
   3.8400000e+02   6.5561586e-01   0.0000000e+00
   3.9200000e+02   6.5550078e-01   0.0000000e+00
   4.0000000e+02   6.5538572e-01   0.0000000e+00
   4.0800000e+02   6.5527068e-01   0.0000000e+00
   4.1600000e+02   6.5515566e-01   0.0000000e+00
   4.2400000e+02   6.5504065e-01   0.0000000e+00
   4.3200000e+02   6.5492567e-01   0.0000000e+00
   4.4000000e+02   6.5481071e-01   0.0000000e+00
   4.4800000e+02   6.5469578e-01   0.0000000e+00
   4.5600000e+02   6.5458086e-01   0.0000000e+00
   4.6400000e+02   6.5446596e-01   0.0000000e+00
   4.7200000e+02   6.5435108e-01   0.0000000e+00
   4.8000000e+02   6.5423622e-01   0.0000000e+00
   4.8800000e+02   6.5412138e-01   0.0000000e+00
   4.9600000e+02   6.5400656e-01   0.0000000e+00
   5.0400000e+02   6.5389176e-01   0.0000000e+00
   5.1200000e+02   6.5377698e-01   0.0000000e+00
   5.2000000e+02   6.5366223e-01   0.0000000e+00
   5.2800000e+02   6.5354749e-01   0.0000000e+00
   5.3600000e+02   6.5343277e-01   0.0000000e+00
   5.4400000e+02   6.5331807e-01   0.0000000e+00
   5.5200000e+02   6.5320339e-01   0.0000000e+00
   5.6000000e+02   6.5308874e-01   0.0000000e+00
   5.6800000e+02   6.5297410e-01   0.0000000e+00
   5.7600000e+02   6.5285948e-01   0.0000000e+00
   5.8400000e+02   6.5274488e-01   0.0000000e+00
   5.9200000e+02   6.5263031e-01   0.0000000e+00
   6.0000000e+02   6.5251575e-01   0.0000000e+00
   6.0800000e+02   6.5240121e-01   0.0000000e+00
   6.1600000e+02   6.5228670e-01   0.0000000e+00
   6.2400000e+02   6.5217220e-01   0.0000000e+00
   6.3200000e+02   6.5205772e-01   0.0000000e+00
   6.4000000e+02   6.5194327e-01   0.0000000e+00
   6.4800000e+02   6.5182883e-01   0.0000000e+00
   6.5600000e+02   6.5171441e-01   0.0000000e+00
   6.6400000e+02   6.5160002e-01   0.0000000e+00
   6.7200000e+02   6.5148564e-01   0.0000000e+00
   6.8000000e+02   6.5137129e-01   0.0000000e+00
   6.8800000e+02   6.5125695e-01   0.0000000e+00
   6.9600000e+02   6.5114263e-01   0.0000000e+00
   7.0400000e+02   6.5102834e-01   0.0000000e+00
   7.1200000e+02   6.5091406e-01   0.0000000e+00
   7.2000000e+02   6.5079981e-01   0.0000000e+00
   7.2800000e+02   6.5068557e-01   0.0000000e+00
   7.3600000e+02   6.5057136e-01   0.0000000e+00
   7.4400000e+02   6.5045716e-01   0.0000000e+00
   7.5200000e+02   6.5034298e-01   0.0000000e+00
   7.6000000e+02   6.5022883e-01   0.0000000e+00
   7.6800000e+02   6.5011469e-01   0.0000000e+00
   7.7600000e+02   6.5000058e-01   0.0000000e+00
   7.8400000e+02   6.4988648e-01   0.0000000e+00
   7.9200000e+02   6.4977241e-01   0.0000000e+00
   8.0000000e+02   6.4965835e-01   0.0000000e+00
   8.0800000e+02   6.4954432e-01   0.0000000e+00
   8.1600000e+02   6.4943030e-01   0.0000000e+00
   8.2400000e+02   6.4931631e-01   0.0000000e+00
   8.3200000e+02   6.4920233e-01   0.0000000e+00
   8.4000000e+02   6.4908838e-01   0.0000000e+00
   8.4800000e+02   6.4897444e-01   0.0000000e+00
   8.5600000e+02   6.4886053e-01   0.0000000e+00
   8.6400000e+02   6.4874663e-01   0.0000000e+00
   8.7200000e+02   6.4863275e-01   0.0000000e+00
   8.8000000e+02   6.4851890e-01   0.0000000e+00
   8.8800000e+02   6.4840506e-01   0.0000000e+00
   8.9600000e+02   6.4829125e-01   0.0000000e+00
   9.0400000e+02   6.4817745e-01   0.0000000e+00
   9.1200000e+02   6.4806368e-01   0.0000000e+00
