   0.0000000e+00   7.3216028e+06   7.5920642e+03
   8.0000000e+00   7.2978676e+06  -8.3216854e+01
   1.6000000e+01   7.3347725e+06   6.4063274e+03
   2.4000000e+01   7.4220041e+06  -7.0946038e+03
   3.2000000e+01   7.5439034e+06  -1.8940708e+04
   4.0000000e+01   7.7261217e+06  -3.2430730e+04
   4.8000000e+01   7.9700748e+06  -5.6296101e+04
   5.6000000e+01   8.2760903e+06  -6.2923802e+04
   6.4000000e+01   8.6537882e+06  -8.7553710e+04
   7.2000000e+01   9.0880321e+06  -1.0519642e+05
   8.0000000e+01   9.5630854e+06  -1.2990437e+05
   8.8000000e+01   1.0076354e+07  -1.3297719e+05
   9.6000000e+01   1.0554979e+07  -1.2877650e+05
   1.0400000e+02   1.0969019e+07  -1.0895570e+05
   1.1200000e+02   1.1266760e+07  -9.8594472e+04
   1.2000000e+02   1.1402314e+07  -6.7629126e+04
   1.2800000e+02   1.1379416e+07  -1.8785769e+04
   1.3600000e+02   1.1191489e+07   3.2819578e+04
   1.4400000e+02   1.0869895e+07   7.9841773e+04
   1.5200000e+02   1.0425691e+07   1.1072274e+05
   1.6000000e+02   9.9547407e+06   1.1071561e+05
   1.6800000e+02   9.4603739e+06   1.2309185e+05
   1.7600000e+02   9.0053228e+06   1.1731480e+05
   1.8400000e+02   8.5837485e+06   1.1261956e+05
   1.9200000e+02   8.2198504e+06   8.7436022e+04
   2.0000000e+02   7.9312113e+06   6.6731507e+04
   2.0800000e+02   7.7127618e+06   5.1769854e+04
   2.1600000e+02   7.5432099e+06   4.1381676e+04
   2.2400000e+02   7.4270594e+06   4.4803728e+04
   2.3200000e+02   7.3508100e+06   2.2231042e+04
   2.4000000e+02   7.3087953e+06   1.7584273e+04
   2.4800000e+02   7.2888547e+06   1.1723581e+04
   2.5600000e+02   7.2795565e+06   9.1422037e+03
   2.6400000e+02   7.3118322e+06   1.5223338e+04
   2.7200000e+02   7.3255951e+06   8.7065053e+03
   2.8000000e+02   7.3588637e+06  -2.8710671e+03
   2.8800000e+02   7.3947617e+06   5.7112798e+03
   2.9600000e+02   7.4305123e+06   8.3423920e+03
   3.0400000e+02   7.4627086e+06   5.9583981e+03
   3.1200000e+02   7.4936284e+06   8.2551940e+03
   3.2000000e+02   7.5100514e+06  -5.5009485e+03
   3.2800000e+02   7.5144243e+06  -9.0349504e+02
   3.3600000e+02   7.5205267e+06   9.8252183e+03
   3.4400000e+02   7.5231461e+06   1.4661204e+04
   3.5200000e+02   7.5185803e+06   7.2550784e+03
   3.6000000e+02   7.4961010e+06  -2.2159844e+03
   3.6800000e+02   7.4801181e+06   1.0549051e+04
   3.7600000e+02   7.4642981e+06   1.0166096e+04
   3.8400000e+02   7.4404270e+06   2.0337219e+04
   3.9200000e+02   7.4285374e+06   2.6407053e+04
   4.0000000e+02   7.4081131e+06   1.0983188e+04
   4.0800000e+02   7.3950408e+06   5.7146323e+03
   4.1600000e+02   7.3835608e+06   4.1506143e+03
   4.2400000e+02   7.3761537e+06   1.3165346e+04
   4.3200000e+02   7.3759911e+06   1.0763145e+04
   4.4000000e+02   7.3801115e+06   1.0198651e+04
   4.4800000e+02   7.3867611e+06   9.2699043e+03
   4.5600000e+02   7.3888830e+06   1.3692872e+04
   4.6400000e+02   7.3928332e+06   1.7022620e+04
   4.7200000e+02   7.4099095e+06   1.9531589e+04
   4.8000000e+02   7.4262257e+06   1.2904066e+04
   4.8800000e+02   7.4384842e+06   6.6757361e+03
   4.9600000e+02   7.4430060e+06   2.4115806e+04
   5.0400000e+02   7.4489550e+06   2.1336857e+04
   5.1200000e+02   7.4666993e+06   1.1190716e+04
   5.2000000e+02   7.4823946e+06   1.0302935e+04
   5.2800000e+02   7.4822032e+06   1.5871947e+04
   5.3600000e+02   7.4849296e+06   1.1809946e+04
   5.4400000e+02   7.4977883e+06   1.5322465e+04
   5.5200000e+02   7.5053225e+06   5.7180407e+03
   5.6000000e+02   7.4940751e+06   7.0979184e+03
   5.6800000e+02   7.5057797e+06   1.4423571e+04
   5.7600000e+02   7.5087751e+06   1.0358126e+04
   5.8400000e+02   7.5139982e+06   2.0147438e+04
   5.9200000e+02   7.5145564e+06   6.0662597e+03
   6.0000000e+02   7.5122866e+06   6.1001965e+03
   6.0800000e+02   7.5203875e+06   1.1202316e+04
   6.1600000e+02   7.5312832e+06   1.9673573e+04
   6.2400000e+02   7.5251797e+06   1.0964296e+04
   6.3200000e+02   7.5294577e+06   1.1957933e+04
   6.4000000e+02   7.5344313e+06   8.8256482e+03
   6.4800000e+02   7.5375254e+06   7.1186885e+03
   6.5600000e+02   7.5408660e+06   1.7391195e+04
   6.6400000e+02   7.5553962e+06   1.1327927e+04
   6.7200000e+02   7.5591948e+06   1.5172849e+04
   6.8000000e+02   7.5570034e+06   3.3157642e+03
   6.8800000e+02   7.5564032e+06   9.8943313e+02
   6.9600000e+02   7.5638013e+06   1.7176045e+04
   7.0400000e+02   7.5599824e+06   1.4649805e+04
   7.1200000e+02   7.5511481e+06   1.5762798e+04
   7.2000000e+02   7.5448891e+06   6.5855716e+03
   7.2800000e+02   7.5431699e+06   4.4159172e+03
   7.3600000e+02   7.5355118e+06   1.1160263e+04
   7.4400000e+02   7.5201975e+06   1.8268609e+04
   7.5200000e+02   7.5175021e+06   6.2196836e+03
   7.6000000e+02   7.5067710e+06   6.0758023e+03
   7.6800000e+02   7.4878695e+06   9.1089025e+03
   7.7600000e+02   7.4909756e+06   3.8949811e+03
   7.8400000e+02   7.4723825e+06   1.3171119e+04
   7.9200000e+02   7.4634937e+06   1.3468048e+04
   8.0000000e+02   7.4530173e+06   5.9925122e+03
   8.0800000e+02   7.4384705e+06   5.6558033e+03
   8.1600000e+02   7.4201577e+06   1.3607999e+04
   8.2400000e+02   7.4155736e+06   1.9231912e+04
   8.3200000e+02   7.4142315e+06   8.7669261e+03
   8.4000000e+02   7.4067500e+06   6.8909329e+03
   8.4800000e+02   7.3861992e+06   1.2395914e+04
   8.5600000e+02   7.3715428e+06   8.8187590e+03
   8.6400000e+02   7.3728124e+06  -3.0780014e+02
   8.7200000e+02   7.3614486e+06   5.9944412e+03
   8.8000000e+02   7.3618362e+06   6.2646543e+03
   8.8800000e+02   7.3517885e+06   7.8653006e+03
   8.9600000e+02   7.3445556e+06   1.3181750e+04
   9.0400000e+02   7.3358090e+06   7.7086187e+03
   9.1200000e+02   7.3424632e+06   6.3656937e+03
   9.2000000e+02   7.3318040e+06  -5.5303020e+02
   9.2800000e+02   7.3289365e+06   2.2185623e+03
   9.3600000e+02   7.3316104e+06   1.0340118e+04
   9.4400000e+02   7.3278169e+06   4.0255892e+03
   9.5200000e+02   7.3487104e+06  -1.8904116e+03
   9.6000000e+02   7.3392548e+06  -3.2593534e+03
   9.6800000e+02   7.3413965e+06   5.5981226e+03
   9.7600000e+02   7.3548675e+06   7.7369688e+03
   9.8400000e+02   7.3562190e+06   1.3776857e+04
   9.9200000e+02   7.3591716e+06   1.5696112e+03
   1.0000000e+03   7.3624882e+06   8.9310050e+03
   1.0080000e+03   7.3745142e+06   5.1488812e+03
   1.0160000e+03   7.3733824e+06   1.0655911e+04
   1.0240000e+03   7.3749546e+06   2.4974259e+03
   1.0320000e+03   7.3794079e+06   9.3367119e+03
