   0.0000000e+00   1.5423078e+06  -4.2158692e+03
   8.0000000e+00   1.5349486e+06   1.3779932e+03
   1.6000000e+01   1.5425059e+06  -1.0790972e+03
   2.4000000e+01   1.5569228e+06  -4.7765994e+02
   3.2000000e+01   1.5709874e+06  -4.4258595e+03
   4.0000000e+01   1.5966381e+06  -2.2310766e+03
   4.8000000e+01   1.6253356e+06  -6.8329845e+03
   5.6000000e+01   1.6599862e+06  -2.1583071e+03
   6.4000000e+01   1.6942257e+06  -3.9526066e+03
   7.2000000e+01   1.7287751e+06  -5.2695741e+02
   8.0000000e+01   1.7602360e+06  -1.0345999e+03
   8.8000000e+01   1.7874854e+06   2.7489306e+02
   9.6000000e+01   1.8125811e+06   3.6752624e+03
   1.0400000e+02   1.8283540e+06   5.0271771e+03
   1.1200000e+02   1.8406347e+06   1.5274055e+04
   1.2000000e+02   1.8457392e+06   1.7020416e+04
   1.2800000e+02   1.8454274e+06   1.8537513e+04
   1.3600000e+02   1.8404907e+06   1.9202334e+04
   1.4400000e+02   1.8310314e+06   2.3106132e+04
   1.5200000e+02   1.8140664e+06   2.8031408e+04
   1.6000000e+02   1.7934378e+06   2.1973039e+04
   1.6800000e+02   1.7664158e+06   1.2935302e+04
   1.7600000e+02   1.7366904e+06   1.4519900e+04
   1.8400000e+02   1.7004851e+06   5.3316306e+03
   1.9200000e+02   1.6689752e+06  -6.7548882e+01
   2.0000000e+02   1.6318674e+06   1.3206310e+03
   2.0800000e+02   1.6022366e+06  -1.8997045e+03
   2.1600000e+02   1.5771901e+06  -2.4259866e+03
   2.2400000e+02   1.5583866e+06  -5.6019933e+02
   2.3200000e+02   1.5452144e+06  -5.5220817e+03
   2.4000000e+02   1.5361212e+06   1.2587332e+03
   2.4800000e+02   1.5333287e+06   2.7868540e+03
   2.5600000e+02   1.5383718e+06   8.7619883e+02
   2.6400000e+02   1.5356862e+06   6.8640045e+02
   2.7200000e+02   1.5478881e+06   1.2109921e+03
   2.8000000e+02   1.5598787e+06  -3.3887098e+03
   2.8800000e+02   1.5650443e+06  -1.8087790e+03
   2.9600000e+02   1.5734433e+06  -1.0363575e+02
   3.0400000e+02   1.5815370e+06  -2.3469302e+03
   3.1200000e+02   1.5838480e+06  -1.1159125e+03
   3.2000000e+02   1.5969726e+06   2.2756553e+03
   3.2800000e+02   1.5994022e+06  -2.7881531e+03
   3.3600000e+02   1.6007615e+06   3.4863290e+03
   3.4400000e+02   1.6044899e+06  -3.7071430e-01
   3.5200000e+02   1.6047218e+06  -9.8697898e+02
   3.6000000e+02   1.6039635e+06   2.3869262e+03
   3.6800000e+02   1.6090110e+06   2.4513535e+03
   3.7600000e+02   1.6051476e+06   6.4692065e+03
   3.8400000e+02   1.6081223e+06   4.8617964e+03
   3.9200000e+02   1.6039904e+06  -4.1206052e+02
   4.0000000e+02   1.6087633e+06   2.1942557e+03
   4.0800000e+02   1.6025733e+06  -3.1929646e+03
   4.1600000e+02   1.6041549e+06   2.0636792e+02
   4.2400000e+02   1.6022099e+06  -6.3112065e+02
   4.3200000e+02   1.6045553e+06   3.9279764e+03
   4.4000000e+02   1.6011418e+06  -3.8592295e+03
   4.4800000e+02   1.6033280e+06   3.2420900e+03
   4.5600000e+02   1.6008214e+06   1.3015125e+03
   4.6400000e+02   1.6014413e+06   5.9555862e+03
   4.7200000e+02   1.6005326e+06   2.4738366e+02
   4.8000000e+02   1.5986826e+06  -8.0198786e+03
   4.8800000e+02   1.5989885e+06   6.5799421e+02
   4.9600000e+02   1.6016988e+06  -1.8929235e+03
   5.0400000e+02   1.6048191e+06   4.3664052e+03
   5.1200000e+02   1.5996764e+06   2.0162509e+03
   5.2000000e+02   1.5976264e+06   5.0463099e+03
   5.2800000e+02   1.5955311e+06   3.3388846e+03
   5.3600000e+02   1.5952641e+06   2.6110316e+03
   5.4400000e+02   1.5927328e+06   2.8850049e+03
   5.5200000e+02   1.5916979e+06   1.8996513e+03
   5.6000000e+02   1.5903914e+06  -1.5380608e+03
   5.6800000e+02   1.5876330e+06   7.2842131e+02
   5.7600000e+02   1.5857987e+06   4.3484390e+03
   5.8400000e+02   1.5864081e+06   3.7616127e+03
   5.9200000e+02   1.5813731e+06   1.1176448e+03
   6.0000000e+02   1.5813462e+06   5.6755272e+03
   6.0800000e+02   1.5838654e+06   3.2054952e+03
   6.1600000e+02   1.5815727e+06  -1.5856198e+03
   6.2400000e+02   1.5825173e+06   3.1129574e+03
   6.3200000e+02   1.5790659e+06  -3.7246235e+03
   6.4000000e+02   1.5838857e+06   2.2159585e+03
   6.4800000e+02   1.5812825e+06  -2.0593704e+03
   6.5600000e+02   1.5813552e+06   3.2104657e+03
   6.6400000e+02   1.5847741e+06   3.8164124e+03
   6.7200000e+02   1.5906003e+06   7.7005001e+03
   6.8000000e+02   1.5890173e+06  -5.1015607e+03
   6.8800000e+02   1.5904383e+06   6.3673249e+03
   6.9600000e+02   1.5914579e+06   2.7494964e+03
   7.0400000e+02   1.5893507e+06   4.4854941e+03
   7.1200000e+02   1.5932124e+06   4.2320849e+03
   7.2000000e+02   1.5965036e+06  -2.9717668e+03
   7.2800000e+02   1.5969930e+06   4.6104727e+03
   7.3600000e+02   1.5925589e+06  -2.6095996e+03
   7.4400000e+02   1.5934102e+06  -1.6110100e+03
   7.5200000e+02   1.5961578e+06   3.5075814e+03
   7.6000000e+02   1.5935033e+06   4.4612450e+03
   7.6800000e+02   1.5936998e+06  -1.8828711e+03
   7.7600000e+02   1.5875595e+06  -2.3595247e+03
   7.8400000e+02   1.5870024e+06  -4.1614623e+03
   7.9200000e+02   1.5905501e+06   1.7907512e+03
   8.0000000e+02   1.5883104e+06   3.8532898e+03
   8.0800000e+02   1.5882552e+06   7.8516657e+02
   8.1600000e+02   1.5892679e+06  -2.3043827e+02
   8.2400000e+02   1.5867584e+06   1.9803692e+03
   8.3200000e+02   1.5878489e+06   8.0262235e+03
   8.4000000e+02   1.5889168e+06   3.3588584e+03
   8.4800000e+02   1.5882405e+06   1.6921532e+03
   8.5600000e+02   1.5879766e+06   4.9809842e+03
   8.6400000e+02   1.5838130e+06  -5.8951706e+03
   8.7200000e+02   1.5889377e+06  -1.3126084e+02
   8.8000000e+02   1.5806687e+06  -9.2402837e+02
   8.8800000e+02   1.5857638e+06   1.2990077e+03
   8.9600000e+02   1.5833416e+06   1.6759532e+03
   9.0400000e+02   1.5801122e+06   1.0563715e+03
   9.1200000e+02   1.5817781e+06  -6.8428574e+02
   9.2000000e+02   1.5838099e+06  -2.3942086e+03
   9.2800000e+02   1.5845255e+06  -1.8365745e+03
   9.3600000e+02   1.5834420e+06   6.5701575e+02
   9.4400000e+02   1.5769560e+06  -4.1792963e+03
   9.5200000e+02   1.5820876e+06  -6.1449621e+03
   9.6000000e+02   1.5798808e+06  -8.2789081e+03
   9.6800000e+02   1.5819499e+06   9.4589690e+02
   9.7600000e+02   1.5790986e+06   3.2005379e+03
   9.8400000e+02   1.5842420e+06  -1.7906119e+03
   9.9200000e+02   1.5820192e+06   2.4072938e+02
   1.0000000e+03   1.5807337e+06  -4.4742140e+03
   1.0080000e+03   1.5806839e+06  -1.9037124e+01
   1.0160000e+03   1.5821903e+06   2.8230651e+03
   1.0240000e+03   1.5827349e+06  -2.2824645e+03
   1.0320000e+03   1.5791688e+06   3.7280342e+03
   1.0400000e+03   1.5830248e+06  -8.0825875e+03
   1.0480000e+03   1.5840689e+06   1.6424995e+03
   1.0560000e+03   1.5842986e+06   1.7955614e+03
   1.0640000e+03   1.5823877e+06  -2.9207835e+03
   1.0720000e+03   1.5810466e+06  -4.7576492e+03
   1.0800000e+03   1.5786201e+06  -3.6618328e+03
   1.0880000e+03   1.5794495e+06  -3.1869475e+03
   1.0960000e+03   1.5786708e+06   6.5864855e+03
   1.1040000e+03   1.5782276e+06   1.9366703e+03
   1.1120000e+03   1.5785964e+06  -2.4368709e+02
   1.1200000e+03   1.5811786e+06  -3.1829437e+03
   1.1280000e+03   1.5784297e+06  -1.4512744e+03
   1.1360000e+03   1.5812317e+06  -3.5432768e+03
   1.1440000e+03   1.5808337e+06  -1.9071781e+03
   1.1520000e+03   1.5766908e+06  -3.6314477e+03
   1.1600000e+03   1.5791212e+06  -6.0975557e+03
   1.1680000e+03   1.5837958e+06  -3.4626370e+03
   1.1760000e+03   1.5778861e+06  -8.6983573e+02
   1.1840000e+03   1.5805429e+06  -2.1203072e+03
   1.1920000e+03   1.5847077e+06  -1.8857972e+03
   1.2000000e+03   1.5780788e+06  -8.7140221e+03
   1.2080000e+03   1.5787841e+06  -6.2975809e+03
   1.2160000e+03   1.5808586e+06  -5.9086956e+03
   1.2240000e+03   1.5790865e+06  -8.7972300e+03
   1.2320000e+03   1.5791768e+06  -6.0752049e+03
   1.2400000e+03   1.5792366e+06  -9.2522190e+03
   1.2480000e+03   1.5770614e+06  -8.2202589e+03
   1.2560000e+03   1.5804370e+06  -1.2082328e+04
   1.2640000e+03   1.5806290e+06  -6.3012924e+03
   1.2720000e+03   1.5760765e+06  -4.9545153e+03
   1.2800000e+03   1.5797075e+06  -7.9015470e+03
   1.2880000e+03   1.5787237e+06  -6.5421052e+03
   1.2960000e+03   1.5737168e+06  -7.1253805e+03
   1.3040000e+03   1.5803844e+06   1.3058198e+03
   1.3120000e+03   1.5782174e+06  -5.8388699e+03
   1.3200000e+03   1.5752895e+06  -3.2734527e+03
   1.3280000e+03   1.5778264e+06  -4.0218395e+03
   1.3360000e+03   1.5780788e+06  -4.6399988e+03
   1.3440000e+03   1.5693182e+06  -1.9663978e+03
   1.3520000e+03   1.5720333e+06  -1.0324492e+04
   1.3600000e+03   1.5716684e+06  -8.2516288e+03
   1.3680000e+03   1.5684690e+06  -7.2035122e+03
   1.3760000e+03   1.5670655e+06  -1.1464597e+04
   1.3840000e+03   1.5705164e+06  -1.6317866e+04
   1.3920000e+03   1.5664017e+06  -1.3349618e+04
   1.4000000e+03   1.5697448e+06  -1.1279389e+04
   1.4080000e+03   1.5711237e+06  -1.6137861e+04
   1.4160000e+03   1.5693912e+06  -1.4283523e+04
   1.4240000e+03   1.5663549e+06  -6.1575827e+03
   1.4320000e+03   1.5687363e+06  -7.5690987e+03
