   0.0000000e+00   3.3454765e-01   0.0000000e+00
   8.0000000e+00   3.3385481e-01   0.0000000e+00
   1.6000000e+01   3.2256076e-01   0.0000000e+00
   2.4000000e+01   2.9978550e-01   0.0000000e+00
   3.2000000e+01   2.6770624e-01   0.0000000e+00
   4.0000000e+01   2.2668455e-01   0.0000000e+00
   4.8000000e+01   1.8285808e-01   0.0000000e+00
   5.6000000e+01   1.3344215e-01   0.0000000e+00
   6.4000000e+01   8.6158913e-02   0.0000000e+00
   7.2000000e+01   4.3974625e-02   0.0000000e+00
   8.0000000e+01   8.4924505e-03   0.0000000e+00
   8.8000000e+01  -1.9379633e-02   0.0000000e+00
   9.6000000e+01  -4.0921733e-02   0.0000000e+00
   1.0400000e+02  -5.2627088e-02   0.0000000e+00
   1.1200000e+02  -5.8848958e-02   0.0000000e+00
   1.2000000e+02  -6.1267767e-02   0.0000000e+00
   1.2800000e+02  -5.7575861e-02   0.0000000e+00
   1.3600000e+02  -4.7545122e-02   0.0000000e+00
   1.4400000e+02  -3.8969265e-02   0.0000000e+00
   1.5200000e+02  -2.9244787e-02   0.0000000e+00
   1.6000000e+02  -1.7376860e-02   0.0000000e+00
   1.6800000e+02  -5.3156304e-03   0.0000000e+00
   1.7600000e+02   6.5108595e-03   0.0000000e+00
   1.8400000e+02   1.6351912e-02   0.0000000e+00
   1.9200000e+02   2.5679042e-02   0.0000000e+00
   2.0000000e+02   2.9591673e-02   0.0000000e+00
   2.0800000e+02   3.2989996e-02   0.0000000e+00
   2.1600000e+02   3.8278492e-02   0.0000000e+00
   2.2400000e+02   3.8578249e-02   0.0000000e+00
   2.3200000e+02   3.8465714e-02   0.0000000e+00
   2.4000000e+02   3.5615306e-02   0.0000000e+00
   2.4800000e+02   3.3177697e-02   0.0000000e+00
   2.5600000e+02   3.1149304e-02   0.0000000e+00
   2.6400000e+02   2.5033821e-02   0.0000000e+00
   2.7200000e+02   1.9631561e-02   0.0000000e+00
   2.8000000e+02   1.4932423e-02   0.0000000e+00
   2.8800000e+02   9.8397619e-03   0.0000000e+00
   2.9600000e+02   4.3602510e-03   0.0000000e+00
   3.0400000e+02   6.2221022e-05   0.0000000e+00
   3.1200000e+02  -4.4454685e-03   0.0000000e+00
   3.2000000e+02  -6.6877462e-03   0.0000000e+00
   3.2800000e+02  -8.3042950e-03   0.0000000e+00
   3.3600000e+02  -1.0230576e-02   0.0000000e+00
   3.4400000e+02  -9.5879456e-03   0.0000000e+00
   3.5200000e+02  -7.3153120e-03   0.0000000e+00
   3.6000000e+02  -7.6933401e-03   0.0000000e+00
   3.6800000e+02  -5.7612981e-03   0.0000000e+00
   3.7600000e+02  -2.6660366e-03   0.0000000e+00
   3.8400000e+02  -1.6388894e-03   0.0000000e+00
   3.9200000e+02   1.6445206e-03   0.0000000e+00
   4.0000000e+02   1.4403591e-03   0.0000000e+00
   4.0800000e+02   5.2646901e-03   0.0000000e+00
   4.1600000e+02   4.2980027e-03   0.0000000e+00
   4.2400000e+02   6.4199886e-03   0.0000000e+00
   4.3200000e+02   4.9486596e-03   0.0000000e+00
   4.4000000e+02   7.4514614e-03   0.0000000e+00
   4.4800000e+02   6.4283680e-03   0.0000000e+00
   4.5600000e+02   6.5632180e-03   0.0000000e+00
   4.6400000e+02   5.2966372e-03   0.0000000e+00
   4.7200000e+02   5.2732336e-03   0.0000000e+00
   4.8000000e+02   4.2633858e-03   0.0000000e+00
   4.8800000e+02   3.0992705e-03   0.0000000e+00
   4.9600000e+02   5.6894555e-04   0.0000000e+00
   5.0400000e+02   3.1735741e-03   0.0000000e+00
   5.1200000e+02   2.5946340e-03   0.0000000e+00
   5.2000000e+02   1.0253248e-03   0.0000000e+00
   5.2800000e+02   3.1576852e-03   0.0000000e+00
   5.3600000e+02   2.1531795e-03   0.0000000e+00
   5.4400000e+02   3.5250979e-03   0.0000000e+00
   5.5200000e+02   3.5730294e-03   0.0000000e+00
   5.6000000e+02   7.4146886e-04   0.0000000e+00
   5.6800000e+02   2.8072119e-03   0.0000000e+00
   5.7600000e+02   1.4043049e-03   0.0000000e+00
   5.8400000e+02   2.7420684e-03   0.0000000e+00
   5.9200000e+02   2.2026869e-04   0.0000000e+00
   6.0000000e+02   1.2325486e-03   0.0000000e+00
   6.0800000e+02  -1.9692630e-03   0.0000000e+00
   6.1600000e+02  -1.5108307e-03   0.0000000e+00
   6.2400000e+02  -4.5086422e-04   0.0000000e+00
   6.3200000e+02  -2.3100942e-03   0.0000000e+00
   6.4000000e+02  -2.4863628e-03   0.0000000e+00
   6.4800000e+02  -3.2753057e-03   0.0000000e+00
   6.5600000e+02  -3.2859959e-03   0.0000000e+00
   6.6400000e+02  -2.3996697e-03   0.0000000e+00
   6.7200000e+02  -5.2053144e-03   0.0000000e+00
   6.8000000e+02  -5.0463580e-03   0.0000000e+00
   6.8800000e+02  -4.9474638e-03   0.0000000e+00
   6.9600000e+02  -2.5939053e-03   0.0000000e+00
   7.0400000e+02  -2.8017493e-03   0.0000000e+00
   7.1200000e+02  -3.6704135e-03   0.0000000e+00
   7.2000000e+02  -1.3289407e-03   0.0000000e+00
   7.2800000e+02   8.8284239e-04   0.0000000e+00
   7.3600000e+02   1.1437049e-03   0.0000000e+00
   7.4400000e+02   1.9128234e-03   0.0000000e+00
   7.5200000e+02   2.4087257e-03   0.0000000e+00
   7.6000000e+02   4.4543658e-03   0.0000000e+00
   7.6800000e+02   2.7607023e-03   0.0000000e+00
   7.7600000e+02   3.7058418e-03   0.0000000e+00
   7.8400000e+02   4.9607062e-03   0.0000000e+00
   7.9200000e+02   2.7428019e-03   0.0000000e+00
   8.0000000e+02   4.2625153e-03   0.0000000e+00
   8.0800000e+02   2.1695137e-03   0.0000000e+00
   8.1600000e+02   2.2080121e-03   0.0000000e+00
   8.2400000e+02   3.3673468e-03   0.0000000e+00
   8.3200000e+02   1.4429909e-03   0.0000000e+00
   8.4000000e+02  -2.0508559e-05   0.0000000e+00
   8.4800000e+02  -7.9065012e-04   0.0000000e+00
   8.5600000e+02  -2.0447298e-03   0.0000000e+00
   8.6400000e+02  -1.0879955e-03   0.0000000e+00
   8.7200000e+02  -3.3061121e-03   0.0000000e+00
   8.8000000e+02  -3.9417976e-03   0.0000000e+00
   8.8800000e+02  -4.7126035e-03   0.0000000e+00
   8.9600000e+02  -4.8706936e-03   0.0000000e+00
   9.0400000e+02  -4.1866601e-03   0.0000000e+00
   9.1200000e+02  -2.8979906e-03   0.0000000e+00
