   0.0000000e+00   2.3336999e-01   0.0000000e+00
   8.0000000e+00   2.3314480e-01   0.0000000e+00
   1.6000000e+01   2.2474608e-01   0.0000000e+00
   2.4000000e+01   2.1128930e-01   0.0000000e+00
   3.2000000e+01   1.9063531e-01   0.0000000e+00
   4.0000000e+01   1.6379070e-01   0.0000000e+00
   4.8000000e+01   1.3278072e-01   0.0000000e+00
   5.6000000e+01   1.0251586e-01   0.0000000e+00
   6.4000000e+01   6.9598368e-02   0.0000000e+00
   7.2000000e+01   3.8229397e-02   0.0000000e+00
   8.0000000e+01   1.1666190e-02   0.0000000e+00
   8.8000000e+01  -1.1247886e-02   0.0000000e+00
   9.6000000e+01  -2.6861804e-02   0.0000000e+00
   1.0400000e+02  -3.9290616e-02   0.0000000e+00
   1.1200000e+02  -4.6800694e-02   0.0000000e+00
   1.2000000e+02  -5.2008033e-02   0.0000000e+00
   1.2800000e+02  -4.9486280e-02   0.0000000e+00
   1.3600000e+02  -5.0094292e-02   0.0000000e+00
   1.4400000e+02  -4.7404490e-02   0.0000000e+00
   1.5200000e+02  -4.1993155e-02   0.0000000e+00
   1.6000000e+02  -3.4826130e-02   0.0000000e+00
   1.6800000e+02  -2.7537632e-02   0.0000000e+00
   1.7600000e+02  -1.9929298e-02   0.0000000e+00
   1.8400000e+02  -1.2403407e-02   0.0000000e+00
   1.9200000e+02  -7.0077699e-03   0.0000000e+00
   2.0000000e+02   2.9982337e-03   0.0000000e+00
   2.0800000e+02   5.5082324e-03   0.0000000e+00
   2.1600000e+02   9.1462113e-03   0.0000000e+00
   2.2400000e+02   1.1454601e-02   0.0000000e+00
   2.3200000e+02   1.2754475e-02   0.0000000e+00
   2.4000000e+02   1.1628065e-02   0.0000000e+00
   2.4800000e+02   1.0363571e-02   0.0000000e+00
   2.5600000e+02   9.3522122e-03   0.0000000e+00
   2.6400000e+02   7.2695787e-03   0.0000000e+00
   2.7200000e+02   3.7362067e-03   0.0000000e+00
   2.8000000e+02   2.2929449e-03   0.0000000e+00
   2.8800000e+02  -1.9361530e-03   0.0000000e+00
   2.9600000e+02  -1.0770917e-03   0.0000000e+00
   3.0400000e+02  -3.7200769e-03   0.0000000e+00
   3.1200000e+02  -4.2456857e-03   0.0000000e+00
   3.2000000e+02  -4.1250473e-03   0.0000000e+00
   3.2800000e+02  -3.1455534e-03   0.0000000e+00
   3.3600000e+02  -2.7014742e-03   0.0000000e+00
   3.4400000e+02  -2.7484324e-03   0.0000000e+00
   3.5200000e+02  -4.5227080e-04   0.0000000e+00
   3.6000000e+02  -1.9627829e-04   0.0000000e+00
   3.6800000e+02   2.0649380e-03   0.0000000e+00
   3.7600000e+02   3.0912186e-03   0.0000000e+00
   3.8400000e+02   5.0964671e-03   0.0000000e+00
   3.9200000e+02   5.1923627e-03   0.0000000e+00
   4.0000000e+02   5.1380735e-03   0.0000000e+00
   4.0800000e+02   6.8074703e-03   0.0000000e+00
   4.1600000e+02   5.8102240e-03   0.0000000e+00
   4.2400000e+02   6.7220055e-03   0.0000000e+00
   4.3200000e+02   4.7028796e-03   0.0000000e+00
   4.4000000e+02   4.5267135e-03   0.0000000e+00
   4.4800000e+02   3.8290719e-03   0.0000000e+00
   4.5600000e+02   3.3119000e-03   0.0000000e+00
   4.6400000e+02   9.1952942e-04   0.0000000e+00
   4.7200000e+02  -1.0340113e-03   0.0000000e+00
   4.8000000e+02  -3.1187441e-03   0.0000000e+00
   4.8800000e+02  -3.3058315e-03   0.0000000e+00
   4.9600000e+02  -5.5032475e-03   0.0000000e+00
   5.0400000e+02  -4.5433839e-03   0.0000000e+00
   5.1200000e+02  -6.2694734e-03   0.0000000e+00
   5.2000000e+02  -6.3417343e-03   0.0000000e+00
   5.2800000e+02  -8.0140094e-03   0.0000000e+00
   5.3600000e+02  -6.1908469e-03   0.0000000e+00
   5.4400000e+02  -4.1567524e-03   0.0000000e+00
   5.5200000e+02  -4.8043911e-03   0.0000000e+00
   5.6000000e+02  -2.7161606e-03   0.0000000e+00
   5.6800000e+02  -4.5444322e-03   0.0000000e+00
   5.7600000e+02  -1.3117673e-03   0.0000000e+00
   5.8400000e+02  -9.0450441e-04   0.0000000e+00
   5.9200000e+02   1.5105749e-03   0.0000000e+00
   6.0000000e+02   6.6747414e-04   0.0000000e+00
   6.0800000e+02   9.6186335e-04   0.0000000e+00
   6.1600000e+02   3.7220036e-03   0.0000000e+00
   6.2400000e+02   3.0396602e-03   0.0000000e+00
   6.3200000e+02   4.1578433e-03   0.0000000e+00
   6.4000000e+02   3.3459465e-03   0.0000000e+00
   6.4800000e+02   4.4359762e-03   0.0000000e+00
   6.5600000e+02   3.2600685e-03   0.0000000e+00
   6.6400000e+02   2.7170989e-03   0.0000000e+00
   6.7200000e+02   3.2353456e-03   0.0000000e+00
   6.8000000e+02   2.8254978e-03   0.0000000e+00
   6.8800000e+02   2.0390327e-03   0.0000000e+00
   6.9600000e+02   1.5423318e-03   0.0000000e+00
   7.0400000e+02   1.4708939e-03   0.0000000e+00
   7.1200000e+02   1.6896585e-03   0.0000000e+00
   7.2000000e+02   1.5739335e-03   0.0000000e+00
   7.2800000e+02  -5.1770195e-04   0.0000000e+00
   7.3600000e+02  -7.1589982e-04   0.0000000e+00
   7.4400000e+02  -5.9014241e-04   0.0000000e+00
   7.5200000e+02  -2.3235403e-03   0.0000000e+00
   7.6000000e+02   7.6366119e-04   0.0000000e+00
   7.6800000e+02  -1.4793672e-03   0.0000000e+00
   7.7600000e+02  -2.2894563e-03   0.0000000e+00
   7.8400000e+02  -1.5079286e-03   0.0000000e+00
   7.9200000e+02  -9.0499226e-04   0.0000000e+00
   8.0000000e+02  -2.7910423e-03   0.0000000e+00
   8.0800000e+02  -2.6154147e-03   0.0000000e+00
   8.1600000e+02  -2.7985532e-03   0.0000000e+00
   8.2400000e+02  -7.6141867e-04   0.0000000e+00
   8.3200000e+02  -3.6980803e-04   0.0000000e+00
   8.4000000e+02  -1.3906066e-03   0.0000000e+00
   8.4800000e+02  -1.9206287e-03   0.0000000e+00
   8.5600000e+02   6.6709610e-06   0.0000000e+00
   8.6400000e+02  -8.9002593e-04   0.0000000e+00
   8.7200000e+02   1.2854983e-03   0.0000000e+00
   8.8000000e+02   6.5617781e-04   0.0000000e+00
   8.8800000e+02   1.9961514e-03   0.0000000e+00
   8.9600000e+02   1.6610304e-03   0.0000000e+00
   9.0400000e+02   4.1982007e-04   0.0000000e+00
   9.1200000e+02   1.6023892e-03   0.0000000e+00
