  -1.2000000e+02   7.6602261e-01   0.0000000e+00
  -1.1200000e+02   7.6558891e-01   0.0000000e+00
  -1.0400000e+02   7.6515545e-01   0.0000000e+00
  -9.6000000e+01   7.6472223e-01   0.0000000e+00
  -8.8000000e+01   7.6428926e-01   0.0000000e+00
  -8.0000000e+01   7.6385654e-01   0.0000000e+00
  -7.2000000e+01   7.6342406e-01   0.0000000e+00
  -6.4000000e+01   7.6299183e-01   0.0000000e+00
  -5.6000000e+01   7.6255984e-01   0.0000000e+00
  -4.8000000e+01   7.6212809e-01   0.0000000e+00
  -4.0000000e+01   7.6169659e-01   0.0000000e+00
  -3.2000000e+01   7.6126533e-01   0.0000000e+00
  -2.4000000e+01   7.6083432e-01   0.0000000e+00
  -1.6000000e+01   7.6040355e-01   0.0000000e+00
  -8.0000000e+00   7.5997303e-01   0.0000000e+00
   0.0000000e+00   7.5954275e-01   0.0000000e+00
   8.0000000e+00   7.5911271e-01   0.0000000e+00
   1.6000000e+01   7.5868292e-01   0.0000000e+00
   2.4000000e+01   7.5825337e-01   0.0000000e+00
   3.2000000e+01   7.5782406e-01   0.0000000e+00
   4.0000000e+01   7.5739500e-01   0.0000000e+00
   4.8000000e+01   7.5696618e-01   0.0000000e+00
   5.6000000e+01   7.5653760e-01   0.0000000e+00
   6.4000000e+01   7.5610926e-01   0.0000000e+00
   7.2000000e+01   7.5568117e-01   0.0000000e+00
   8.0000000e+01   7.5525332e-01   0.0000000e+00
   8.8000000e+01   7.5482571e-01   0.0000000e+00
   9.6000000e+01   7.5439834e-01   0.0000000e+00
   1.0400000e+02   7.5397122e-01   0.0000000e+00
   1.1200000e+02   7.5354434e-01   0.0000000e+00
   1.2000000e+02   7.5311770e-01   0.0000000e+00
   1.2800000e+02   7.5269130e-01   0.0000000e+00
   1.3600000e+02   7.5226514e-01   0.0000000e+00
   1.4400000e+02   7.5183922e-01   0.0000000e+00
   1.5200000e+02   7.5141355e-01   0.0000000e+00
   1.6000000e+02   7.5098811e-01   0.0000000e+00
   1.6800000e+02   7.5056292e-01   0.0000000e+00
   1.7600000e+02   7.5013797e-01   0.0000000e+00
   1.8400000e+02   7.4971325e-01   0.0000000e+00
   1.9200000e+02   7.4928878e-01   0.0000000e+00
   2.0000000e+02   7.4886455e-01   0.0000000e+00
   2.0800000e+02   7.4844056e-01   0.0000000e+00
   2.1600000e+02   7.4801681e-01   0.0000000e+00
   2.2400000e+02   7.4759330e-01   0.0000000e+00
   2.3200000e+02   7.4717003e-01   0.0000000e+00
   2.4000000e+02   7.4674699e-01   0.0000000e+00
   2.4800000e+02   7.4632420e-01   0.0000000e+00
   2.5600000e+02   7.4590165e-01   0.0000000e+00
   2.6400000e+02   7.4547933e-01   0.0000000e+00
   2.7200000e+02   7.4505726e-01   0.0000000e+00
   2.8000000e+02   7.4463542e-01   0.0000000e+00
   2.8800000e+02   7.4421383e-01   0.0000000e+00
   2.9600000e+02   7.4379247e-01   0.0000000e+00
   3.0400000e+02   7.4337135e-01   0.0000000e+00
   3.1200000e+02   7.4295047e-01   0.0000000e+00
   3.2000000e+02   7.4252983e-01   0.0000000e+00
   3.2800000e+02   7.4210942e-01   0.0000000e+00
   3.3600000e+02   7.4168925e-01   0.0000000e+00
   3.4400000e+02   7.4126933e-01   0.0000000e+00
   3.5200000e+02   7.4084963e-01   0.0000000e+00
   3.6000000e+02   7.4043018e-01   0.0000000e+00
   3.6800000e+02   7.4001097e-01   0.0000000e+00
   3.7600000e+02   7.3959199e-01   0.0000000e+00
   3.8400000e+02   7.3917325e-01   0.0000000e+00
   3.9200000e+02   7.3875474e-01   0.0000000e+00
   4.0000000e+02   7.3833647e-01   0.0000000e+00
   4.0800000e+02   7.3791844e-01   0.0000000e+00
   4.1600000e+02   7.3750065e-01   0.0000000e+00
   4.2400000e+02   7.3708309e-01   0.0000000e+00
   4.3200000e+02   7.3666577e-01   0.0000000e+00
   4.4000000e+02   7.3624869e-01   0.0000000e+00
   4.4800000e+02   7.3583184e-01   0.0000000e+00
   4.5600000e+02   7.3541523e-01   0.0000000e+00
   4.6400000e+02   7.3499885e-01   0.0000000e+00
   4.7200000e+02   7.3458271e-01   0.0000000e+00
   4.8000000e+02   7.3416680e-01   0.0000000e+00
   4.8800000e+02   7.3375113e-01   0.0000000e+00
   4.9600000e+02   7.3333570e-01   0.0000000e+00
   5.0400000e+02   7.3292050e-01   0.0000000e+00
   5.1200000e+02   7.3250554e-01   0.0000000e+00
   5.2000000e+02   7.3209081e-01   0.0000000e+00
   5.2800000e+02   7.3167631e-01   0.0000000e+00
   5.3600000e+02   7.3126205e-01   0.0000000e+00
   5.4400000e+02   7.3084803e-01   0.0000000e+00
   5.5200000e+02   7.3043424e-01   0.0000000e+00
   5.6000000e+02   7.3002068e-01   0.0000000e+00
   5.6800000e+02   7.2960736e-01   0.0000000e+00
   5.7600000e+02   7.2919427e-01   0.0000000e+00
   5.8400000e+02   7.2878142e-01   0.0000000e+00
   5.9200000e+02   7.2836880e-01   0.0000000e+00
   6.0000000e+02   7.2795641e-01   0.0000000e+00
   6.0800000e+02   7.2754426e-01   0.0000000e+00
   6.1600000e+02   7.2713234e-01   0.0000000e+00
   6.2400000e+02   7.2672065e-01   0.0000000e+00
   6.3200000e+02   7.2630919e-01   0.0000000e+00
   6.4000000e+02   7.2589797e-01   0.0000000e+00
   6.4800000e+02   7.2548699e-01   0.0000000e+00
   6.5600000e+02   7.2507623e-01   0.0000000e+00
   6.6400000e+02   7.2466571e-01   0.0000000e+00
   6.7200000e+02   7.2425542e-01   0.0000000e+00
   6.8000000e+02   7.2384536e-01   0.0000000e+00
   6.8800000e+02   7.2343553e-01   0.0000000e+00
   6.9600000e+02   7.2302594e-01   0.0000000e+00
   7.0400000e+02   7.2261658e-01   0.0000000e+00
   7.1200000e+02   7.2220745e-01   0.0000000e+00
   7.2000000e+02   7.2179855e-01   0.0000000e+00
   7.2800000e+02   7.2138988e-01   0.0000000e+00
   7.3600000e+02   7.2098145e-01   0.0000000e+00
   7.4400000e+02   7.2057324e-01   0.0000000e+00
   7.5200000e+02   7.2016527e-01   0.0000000e+00
   7.6000000e+02   7.1975753e-01   0.0000000e+00
   7.6800000e+02   7.1935001e-01   0.0000000e+00
   7.7600000e+02   7.1894273e-01   0.0000000e+00
   7.8400000e+02   7.1853568e-01   0.0000000e+00
   7.9200000e+02   7.1812886e-01   0.0000000e+00
   8.0000000e+02   7.1772227e-01   0.0000000e+00
   8.0800000e+02   7.1731592e-01   0.0000000e+00
   8.1600000e+02   7.1690979e-01   0.0000000e+00
   8.2400000e+02   7.1650389e-01   0.0000000e+00
   8.3200000e+02   7.1609822e-01   0.0000000e+00
   8.4000000e+02   7.1569278e-01   0.0000000e+00
   8.4800000e+02   7.1528757e-01   0.0000000e+00
   8.5600000e+02   7.1488259e-01   0.0000000e+00
   8.6400000e+02   7.1447784e-01   0.0000000e+00
   8.7200000e+02   7.1407331e-01   0.0000000e+00
   8.8000000e+02   7.1366902e-01   0.0000000e+00
   8.8800000e+02   7.1326496e-01   0.0000000e+00
   8.9600000e+02   7.1286112e-01   0.0000000e+00
   9.0400000e+02   7.1245751e-01   0.0000000e+00
   9.1200000e+02   7.1205414e-01   0.0000000e+00
