% signal t-range:	0.0000000	912.00000
% breakpoint	1	1.8991228
% svcs	1	0	0	0
% svcs	2	19	34	34
1.0000000	0.000012820551	0.000012820551	0.000012820551
1.0438596	0.000014532299	0.000014532299	0.000014532299
1.0877193	0.000016362643	0.000016362643	0.000016362643
1.1315789	0.000018371157	0.000018371157	0.000018371157
1.1754386	0.000020532166	0.000020532166	0.000020532166
1.2192982	0.000022850359	0.000022850359	0.000022850359
1.2631579	0.000025392107	0.000025392107	0.000025392107
1.3070175	0.000028072946	0.000028072946	0.000028072946
1.3508772	0.000030928247	0.000030928247	0.000030928247
1.3947368	0.000033901849	0.000033901849	0.000033901849
1.4385965	0.000037220098	0.000037220098	0.000037220098
1.4824561	0.000040579193	0.000040579193	0.000040579193
1.5263158	0.000044190463	0.000044190463	0.000044190463
1.5701754	0.000048038779	0.000048038779	0.000048038779
1.6140351	0.000052099751	0.000052099751	0.000052099751
1.6578947	0.000056444825	0.000056444825	0.000056444825
1.7017544	0.000061097440	0.000061097440	0.000061097440
1.7456140	0.000065764379	0.000065764379	0.000065764379
1.7894737	0.000070701514	0.000070701514	0.000070701514
1.8333333	0.000076159207	0.000076159207	0.000076159207
1.8771930	0.000081413024	0.000081413024	0.000081413024
1.9210526	0.21343028	0.19826402	0.21343028
1.9649123	0.31364286	0.30822950	0.32040383
2.0087719	0.10418046	0.10412449	0.11092279
2.0526316	0.010080601	0.0030867849	0.010080601
2.0964912	0.039369518	0.039369518	0.044174692
2.1403509	0.030498941	0.030498941	0.033779242
2.1842105	0.0069049481	0.0022979322	0.0069049481
2.2280702	0.012382781	0.011739387	0.013475118
2.2719298	0.026592405	0.026592405	0.028377070
2.3157895	0.017028630	0.016779844	0.019671405
2.3596491	-0.00092657205	-0.0017970897	0.00039017390
2.4035088	0.0088611827	0.0038325519	0.0088611827
2.4473684	0.021951390	0.019128271	0.021951390
2.4912281	0.011508636	0.011508636	0.014650404
2.5350877	-0.0018524160	-0.0018524160	0.0020751626
2.5789474	0.000073728448	0.000073728448	0.0017782158
2.6228070	0.0073614267	0.0071355773	0.0078852262
2.6666667	0.0081823462	0.0066893952	0.0081823462
2.7105263	0.0045020587	0.0022473370	0.0045020587
2.7543860	0.0027325107	0.00085891616	0.0027325107
2.7982456	0.0040769306	0.0039256002	0.0042159200
2.8421053	0.0055666836	0.0055666836	0.0071637267
2.8859649	0.0049635156	0.0049635156	0.0070562848
2.9298246	0.0026786220	0.0026786220	0.0042262802
2.9736842	0.00048189128	0.00048189128	0.0011962648
3.0175439	-0.00032743125	-0.00041954733	-0.00025952520
3.0614035	0.00035979246	0.0000000	0.00035979246
3.1052632	0.0018111935	0.00090840196	0.0018111935
3.1491228	0.0031410453	0.0018681752	0.0031410453
3.1929825	0.0037876014	0.0021895698	0.0037876014
3.2368421	0.0036348445	0.0018394647	0.0036348445
3.2807018	0.0028906251	0.0010778796	0.0028906251
3.3245614	0.0018893557	0.00029179363	0.0018893557
3.3684211	0.00093330340	0.0000000	0.00093330340
3.4122807	0.00021252066	0.0000000	0.00021252066
3.4561404	-0.00020623096	-0.00020623096	0.000011003426
3.5000000	-0.00035022383	-0.00035022383	0.00042659656
3.5438596	-0.00029846912	-0.00029846912	0.00091881248
3.5877193	-0.00014402231	-0.00014402231	0.0013692661
3.6315789	0.000031475803	0.000031475803	0.0016837702
3.6754386	0.00017036182	0.00017036182	0.0018111070
3.7192982	0.00024148797	0.00024148797	0.0017545373
3.7631579	0.00023658466	0.00023658466	0.0015450048
3.8070175	0.00016384243	0.00016384243	0.0012277153
3.8508772	0.000041105083	0.000041105083	0.00085110404
3.8947368	-0.00010995731	-0.00010995731	0.00045920912
3.9385965	-0.00026812774	-0.00026812774	0.000087374445
3.9824561	-0.00041532960	-0.00041532960	-0.00023764908
4.0263158	-0.00053795915	-0.00053797039	-0.00050323203
4.0701754	-0.00062720764	-0.00070941680	-0.00062720764
4.1140351	-0.00067871899	-0.00083997018	-0.00067871899
4.1578947	-0.00069187540	-0.00091284859	-0.00069187540
4.2017544	-0.00066893121	-0.00093275887	-0.00066893121
4.2456140	-0.00061414410	-0.00090926084	-0.00061414410
4.2894737	-0.00053299350	-0.00085226216	-0.00053299350
4.3333333	-0.00043153078	-0.00077122272	-0.00043153078
4.3771930	-0.00031587466	-0.00067464972	-0.00031587466
4.4210526	-0.00019184576	-0.00056982540	-0.00019184576
4.4649123	-0.000064723447	-0.00046270865	-0.000064723447
4.5087719	0.000060896660	0.0000000	0.000060896660
4.5526316	0.00018116668	0.0000000	0.00018116668
4.5964912	0.00029299241	0.0000000	0.00029299241
4.6403509	0.00039399898	0.0000000	0.00039399898
4.6842105	0.00048247057	0.0000000	0.00048247057
4.7280702	0.00055727549	0.000042719861	0.00055727549
4.7719298	0.00061778499	0.000091869057	0.00061778499
4.8157895	0.00066379181	0.00013101480	0.00066379181
4.8596491	0.00069543253	0.00016089412	0.00069543253
4.9035088	0.00071311614	0.00018237325	0.00071311614
4.9473684	0.00071746031	0.00019638359	0.00071746031
4.9912281	0.00070923587	0.00020387278	0.00070923587
5.0350877	0.00068931944	0.00020576875	0.00068931944
5.0789474	0.00065865379	0.00020295433	0.00065865379
5.1228070	0.00061821545	0.00019625052	0.00061821545
5.1666667	0.00056898860	0.00018640647	0.00056898860
5.2105263	0.00051194458	0.00017409473	0.00051194458
5.2543860	0.00044802631	0.00015991023	0.00044802631
5.2982456	0.00037813663	0.00014437215	0.00037813663
5.3421053	0.00030313013	0.00012792769	0.00030313013
5.3859649	0.00022380777	0.00011095705	0.00022380777
5.4298246	0.00014091371	0.000093779156	0.00014091371
5.4736842	0.000055133940	0.000055133940	0.000079111067
5.5175439	-0.000032903652	-0.000032903652	0.000060102532
5.5614035	-0.00012262821	-0.00012262821	0.000043398827
5.6052632	-0.00021352398	-0.00021352398	0.000027566199
5.6491228	-0.00030512785	-0.00030512785	0.000012410351
5.6929825	-0.00039702651	-0.00039702651	-0.0000019953922
5.7368421	-0.00048885330	-0.00048885330	-0.000015601148
5.7807018	-0.00058028504	-0.00058028504	-0.000028376646
5.8245614	-0.00067103873	-0.00067103873	-0.000040307836
5.8684211	-0.00076086837	-0.00076086837	-0.000051393932
5.9122807	-0.00084956173	-0.00084956173	-0.000061644824
5.9561404	-0.00093693742	-0.00093693742	-0.000071078870
6.0000000	-0.0010228419	-0.0010228419	-0.000079720988
