% signal t-range:	0.0000000	912.00000
% breakpoint	1	1.9341360
% svcs	1	0	0	0
% svcs	2	15	34	34
1.0000000	0.000015616599	0.000015616599	0.000015616599
1.0438596	0.000017701664	0.000017701664	0.000017701664
1.0877193	0.000019931190	0.000019931190	0.000019931190
1.1315789	0.000022377743	0.000022377743	0.000022377743
1.1754386	0.000025010049	0.000025010049	0.000025010049
1.2192982	0.000027833820	0.000027833820	0.000027833820
1.2631579	0.000030929900	0.000030929900	0.000030929900
1.3070175	0.000034195406	0.000034195406	0.000034195406
1.3508772	0.000037673423	0.000037673423	0.000037673423
1.3947368	0.000041295541	0.000041295541	0.000041295541
1.4385965	0.000045337471	0.000045337471	0.000045337471
1.4824561	0.000049429154	0.000049429154	0.000049429154
1.5263158	0.000053828010	0.000053828010	0.000053828010
1.5701754	0.000058515610	0.000058515610	0.000058515610
1.6140351	0.000063462244	0.000063462244	0.000063462244
1.6578947	0.000068754941	0.000068754941	0.000068754941
1.7017544	0.000074422250	0.000074422250	0.000074422250
1.7456140	0.000080107006	0.000080107006	0.000080107006
1.7894737	0.000086120886	0.000086120886	0.000086120886
1.8333333	0.000092768854	0.000092768854	0.000092768854
1.8771930	0.000099168481	0.000099168481	0.000099168481
1.9210526	0.00010654816	0.00010654816	0.00010654816
1.9649123	0.0026977900	0.0000000	0.0028019567
2.0087719	0.0070649492	0.0067830028	0.010168218
2.0526316	0.027534751	0.027463120	0.030681426
2.0964912	0.054553275	0.051762016	0.054618760
2.1403509	0.073850110	0.072700843	0.073869378
2.1842105	0.082827979	0.082769104	0.084630779
2.2280702	0.077060416	0.077046444	0.077618051
2.2719298	0.057766482	0.056558253	0.057795981
2.3157895	0.038313892	0.037592589	0.038334576
2.3596491	0.028632187	0.028610272	0.029546786
2.4035088	0.029521292	0.029472470	0.030772183
2.4473684	0.033821957	0.033678669	0.033978014
2.4912281	0.034057431	0.033471292	0.034094184
2.5350877	0.029802230	0.029478110	0.029828721
2.5789474	0.023827184	0.023443768	0.023840613
2.6228070	0.017843529	0.017386535	0.017847496
2.6666667	0.012846652	0.012754844	0.012956380
2.7105263	0.0093742576	0.0093479732	0.0099846494
2.7543860	0.0070423451	0.0070244816	0.0076486403
2.7982456	0.0050643461	0.0050643461	0.0051947509
2.8421053	0.0031892314	0.0028020831	0.0032106708
2.8859649	0.0018142020	0.0012812759	0.0018380678
2.9298246	0.0013625979	0.00098112963	0.0013779405
2.9736842	0.0017701607	0.0016219498	0.0017751766
3.0175439	0.0025095625	0.0024756531	0.0025359315
3.0614035	0.0029626164	0.0029549822	0.0030663047
3.1052632	0.0027642205	0.0027535827	0.0029175666
3.1491228	0.0019156431	0.0019017893	0.0021354486
3.1929825	0.00068862746	0.00067137822	0.00099803523
3.2368421	-0.00055454364	-0.00057419639	-0.00016045490
3.2807018	-0.0015139150	-0.0015337045	-0.0010769903
3.3245614	-0.0020282149	-0.0020452688	-0.0016139715
3.3684211	-0.0020786422	-0.0020903729	-0.0017541803
3.4122807	-0.0017491955	-0.0017539738	-0.0015641872
3.4561404	-0.0011741042	-0.0011945548	-0.0011508643
3.5000000	-0.00049279499	-0.00062583378	-0.00048359713
3.5438596	0.00017896084	0.0000000	0.00019326191
3.5877193	0.00076160421	0.00040978246	0.00077910685
3.6315789	0.0012122160	0.00081384684	0.0012310094
3.6754386	0.0015179827	0.0011125872	0.0015364143
3.7192982	0.0016870440	0.0013062670	0.0017038665
3.7631579	0.0017396046	0.0014054053	0.0017540171
3.8070175	0.0017007927	0.0014255881	0.0017124069
3.8508772	0.0015957241	0.0013837744	0.0016044850
3.8947368	0.0014466070	0.0012959970	0.0014526981
3.9385965	0.0012714459	0.0011761698	0.0012751954
3.9824561	0.0010838345	0.0010356691	0.0010856367
4.0263158	0.00089339030	0.00088339134	0.00089364496
4.0701754	0.00070648659	0.00070555887	0.00072606117
4.1140351	0.00052705397	0.00052525114	0.00056863392
4.1578947	0.00035731442	0.00035487671	0.00041469643
4.2017544	0.00019838434	0.00019548581	0.00026681778
4.2456140	0.000050728751	0.000047484561	0.00012683028
4.2894737	-0.000085523450	-0.000089046232	-0.0000039595750
4.3333333	-0.00021037976	-0.00021415014	-0.00012462136
4.3771930	-0.00032387255	-0.00032788387	-0.00023449959
4.4210526	-0.00042600950	-0.00043026900	-0.00033314824
4.4649123	-0.00051676404	-0.00052128421	-0.00042028979
4.5087719	-0.00059608838	-0.00060088028	-0.00049578982
4.5526316	-0.00066393703	-0.00066900550	-0.00055964061
4.5964912	-0.00072029222	-0.00072563283	-0.00061194916
4.6403509	-0.00076518648	-0.00077078392	-0.00065292701
4.6842105	-0.00079871966	-0.00080454730	-0.00068288007
4.7280702	-0.00082106963	-0.00082708992	-0.00070219796
4.7719298	-0.00083249665	-0.00083866218	-0.00071134253
4.8157895	-0.00083334249	-0.00083959743	-0.00071083590
4.8596491	-0.00082402506	-0.00083030681	-0.00070124823
4.9035088	-0.00080503006	-0.00081127099	-0.00068318569
4.9473684	-0.00077690043	-0.00078302961	-0.00065727882
4.9912281	-0.00074022479	-0.00074616958	-0.00062417181
5.0350877	-0.00069562551	-0.00070131304	-0.00058451267
5.0789474	-0.00064374713	-0.00064910556	-0.00053894457
5.1228070	-0.00058524538	-0.00059020501	-0.00048809844
5.1666667	-0.00052077742	-0.00052527157	-0.00043258668
5.2105263	-0.00045099305	-0.00045495880	-0.00037299815
5.2543860	-0.00037652738	-0.00037990608	-0.00030989416
5.2982456	-0.00029799464	-0.00030073231	-0.00024380562
5.3421053	-0.00021598331	-0.00021803088	-0.00017523094
5.3859649	-0.00013105235	-0.00013236581	-0.00010463484
5.4298246	-0.000043728481	-0.000044268862	-0.000032447838
5.4736842	0.000045495657	0.000040933782	0.000045762301
5.5175439	0.00013616247	0.00011514741	0.00013726521
5.5614035	0.00022784978	0.00018986322	0.00022981296
5.6052632	0.00032017055	0.00026478302	0.00032301405
5.6491228	0.00041277227	0.00033963880	0.00041651172
5.6929825	0.00050533583	0.00041419117	0.00050998288
5.7368421	0.00059757423	0.00048822770	0.00060313686
5.7807018	0.00068923104	0.00056156116	0.00069571382
5.8245614	0.00078007875	0.00063402779	0.00078748310
5.8684211	0.00086991692	0.00070548550	0.00087824146
5.9122807	0.00095857047	0.00077581222	0.00096781122
5.9561404	0.0010458878	0.00084490416	0.0010560385
6.0000000	0.0011317389	0.00091267425	0.0011427912
