0.000000000000000000e+00 0.000000000000000000e+00
1.000000000000000000e+00 0.000000000000000000e+00
2.000000000000000000e+00 0.000000000000000000e+00
3.000000000000000000e+00 0.000000000000000000e+00
4.000000000000000000e+00 0.000000000000000000e+00
5.000000000000000000e+00 0.000000000000000000e+00
6.000000000000000000e+00 0.000000000000000000e+00
7.000000000000000000e+00 0.000000000000000000e+00
8.000000000000000000e+00 0.000000000000000000e+00
9.000000000000000000e+00 0.000000000000000000e+00
1.000000000000000000e+01 0.000000000000000000e+00
1.100000000000000000e+01 0.000000000000000000e+00
1.200000000000000000e+01 0.000000000000000000e+00
1.300000000000000000e+01 0.000000000000000000e+00
1.400000000000000000e+01 0.000000000000000000e+00
1.500000000000000000e+01 0.000000000000000000e+00
1.600000000000000000e+01 3.207353643790808241e-07
1.700000000000000000e+01 7.658118303903355985e-06
1.800000000000000000e+01 8.139672455087092499e-05
1.900000000000000000e+01 5.226387396958954296e-04
2.000000000000000000e+01 2.616450043763434916e-03
2.100000000000000000e+01 1.077832885567233702e-02
2.200000000000000000e+01 3.924083132280106745e-02
2.300000000000000000e+01 1.374242244840160609e-01
2.400000000000000000e+01 3.092854708188909063e-01
2.500000000000000000e+01 3.215998323845687401e-01
2.600000000000000000e+01 1.453721902177146641e-01
2.700000000000000000e+01 2.999626721584144895e-02
2.800000000000000000e+01 2.940524862914116813e-03
2.900000000000000000e+01 1.315266697679130336e-04
3.000000000000000000e+01 2.338806134315333394e-06
3.100000000000000000e+01 0.000000000000000000e+00
3.200000000000000000e+01 0.000000000000000000e+00
3.300000000000000000e+01 0.000000000000000000e+00
3.400000000000000000e+01 0.000000000000000000e+00
3.500000000000000000e+01 0.000000000000000000e+00
3.600000000000000000e+01 0.000000000000000000e+00
3.700000000000000000e+01 0.000000000000000000e+00
3.800000000000000000e+01 0.000000000000000000e+00
3.900000000000000000e+01 0.000000000000000000e+00
4.000000000000000000e+01 0.000000000000000000e+00
4.100000000000000000e+01 0.000000000000000000e+00
4.200000000000000000e+01 0.000000000000000000e+00
4.300000000000000000e+01 0.000000000000000000e+00
4.400000000000000000e+01 0.000000000000000000e+00
4.500000000000000000e+01 0.000000000000000000e+00
4.600000000000000000e+01 0.000000000000000000e+00
4.700000000000000000e+01 0.000000000000000000e+00
4.800000000000000000e+01 0.000000000000000000e+00
4.900000000000000000e+01 0.000000000000000000e+00
5.000000000000000000e+01 0.000000000000000000e+00
5.100000000000000000e+01 0.000000000000000000e+00
5.200000000000000000e+01 0.000000000000000000e+00
5.300000000000000000e+01 0.000000000000000000e+00
5.400000000000000000e+01 0.000000000000000000e+00
5.500000000000000000e+01 0.000000000000000000e+00
5.600000000000000000e+01 0.000000000000000000e+00
5.700000000000000000e+01 0.000000000000000000e+00
5.800000000000000000e+01 0.000000000000000000e+00
5.900000000000000000e+01 0.000000000000000000e+00
6.000000000000000000e+01 0.000000000000000000e+00
6.100000000000000000e+01 0.000000000000000000e+00
6.200000000000000000e+01 0.000000000000000000e+00
6.300000000000000000e+01 0.000000000000000000e+00
6.400000000000000000e+01 0.000000000000000000e+00
6.500000000000000000e+01 0.000000000000000000e+00
6.600000000000000000e+01 0.000000000000000000e+00
6.700000000000000000e+01 0.000000000000000000e+00
6.800000000000000000e+01 0.000000000000000000e+00
6.900000000000000000e+01 0.000000000000000000e+00
7.000000000000000000e+01 0.000000000000000000e+00
7.100000000000000000e+01 0.000000000000000000e+00
7.200000000000000000e+01 0.000000000000000000e+00
7.300000000000000000e+01 0.000000000000000000e+00
7.400000000000000000e+01 0.000000000000000000e+00
7.500000000000000000e+01 0.000000000000000000e+00
7.600000000000000000e+01 0.000000000000000000e+00
7.700000000000000000e+01 0.000000000000000000e+00
7.800000000000000000e+01 0.000000000000000000e+00
7.900000000000000000e+01 0.000000000000000000e+00
8.000000000000000000e+01 0.000000000000000000e+00
8.100000000000000000e+01 0.000000000000000000e+00
8.200000000000000000e+01 0.000000000000000000e+00
8.300000000000000000e+01 0.000000000000000000e+00
8.400000000000000000e+01 0.000000000000000000e+00
8.500000000000000000e+01 0.000000000000000000e+00
8.600000000000000000e+01 0.000000000000000000e+00
8.700000000000000000e+01 0.000000000000000000e+00
8.800000000000000000e+01 0.000000000000000000e+00
8.900000000000000000e+01 0.000000000000000000e+00
9.000000000000000000e+01 0.000000000000000000e+00
9.100000000000000000e+01 0.000000000000000000e+00
9.200000000000000000e+01 0.000000000000000000e+00
9.300000000000000000e+01 0.000000000000000000e+00
9.400000000000000000e+01 0.000000000000000000e+00
9.500000000000000000e+01 0.000000000000000000e+00
9.600000000000000000e+01 0.000000000000000000e+00
9.700000000000000000e+01 0.000000000000000000e+00
9.800000000000000000e+01 0.000000000000000000e+00
9.900000000000000000e+01 0.000000000000000000e+00
1.000000000000000000e+02 0.000000000000000000e+00
