0.000000000000000000e+00 0.000000000000000000e+00
1.000000000000000000e+00 0.000000000000000000e+00
2.000000000000000000e+00 0.000000000000000000e+00
3.000000000000000000e+00 0.000000000000000000e+00
4.000000000000000000e+00 0.000000000000000000e+00
5.000000000000000000e+00 0.000000000000000000e+00
6.000000000000000000e+00 0.000000000000000000e+00
7.000000000000000000e+00 0.000000000000000000e+00
8.000000000000000000e+00 0.000000000000000000e+00
9.000000000000000000e+00 0.000000000000000000e+00
1.000000000000000000e+01 0.000000000000000000e+00
1.100000000000000000e+01 0.000000000000000000e+00
1.200000000000000000e+01 1.723585527723298815e-05
1.300000000000000000e+01 3.423241503361506167e-04
1.400000000000000000e+01 3.219041998667166934e-03
1.500000000000000000e+01 2.018401231892973102e-02
1.600000000000000000e+01 1.022892071567776673e-01
1.700000000000000000e+01 2.640920333374744411e-01
1.800000000000000000e+01 2.776748010478932160e-01
1.900000000000000000e+01 1.250389048169673334e-01
2.000000000000000000e+01 4.622059060214862847e-02
2.100000000000000000e+01 5.063262608398415993e-02
2.200000000000000000e+01 5.811204262397388909e-02
2.300000000000000000e+01 3.628361193457321082e-02
2.400000000000000000e+01 1.266100614218326932e-02
2.500000000000000000e+01 2.775149338604039097e-03
2.600000000000000000e+01 4.171012246581433424e-04
2.700000000000000000e+01 3.853919057408061651e-05
2.800000000000000000e+01 1.740214809279574147e-06
2.900000000000000000e+01 3.196216820809812064e-08
3.000000000000000000e+01 0.000000000000000000e+00
3.100000000000000000e+01 0.000000000000000000e+00
3.200000000000000000e+01 0.000000000000000000e+00
3.300000000000000000e+01 0.000000000000000000e+00
3.400000000000000000e+01 0.000000000000000000e+00
3.500000000000000000e+01 0.000000000000000000e+00
3.600000000000000000e+01 0.000000000000000000e+00
3.700000000000000000e+01 0.000000000000000000e+00
3.800000000000000000e+01 0.000000000000000000e+00
3.900000000000000000e+01 0.000000000000000000e+00
4.000000000000000000e+01 0.000000000000000000e+00
4.100000000000000000e+01 0.000000000000000000e+00
4.200000000000000000e+01 0.000000000000000000e+00
4.300000000000000000e+01 0.000000000000000000e+00
4.400000000000000000e+01 0.000000000000000000e+00
4.500000000000000000e+01 0.000000000000000000e+00
4.600000000000000000e+01 0.000000000000000000e+00
4.700000000000000000e+01 0.000000000000000000e+00
4.800000000000000000e+01 0.000000000000000000e+00
4.900000000000000000e+01 0.000000000000000000e+00
5.000000000000000000e+01 0.000000000000000000e+00
5.100000000000000000e+01 0.000000000000000000e+00
5.200000000000000000e+01 0.000000000000000000e+00
5.300000000000000000e+01 0.000000000000000000e+00
5.400000000000000000e+01 0.000000000000000000e+00
5.500000000000000000e+01 0.000000000000000000e+00
5.600000000000000000e+01 0.000000000000000000e+00
5.700000000000000000e+01 0.000000000000000000e+00
5.800000000000000000e+01 0.000000000000000000e+00
5.900000000000000000e+01 0.000000000000000000e+00
6.000000000000000000e+01 0.000000000000000000e+00
6.100000000000000000e+01 0.000000000000000000e+00
6.200000000000000000e+01 0.000000000000000000e+00
6.300000000000000000e+01 0.000000000000000000e+00
6.400000000000000000e+01 0.000000000000000000e+00
6.500000000000000000e+01 0.000000000000000000e+00
6.600000000000000000e+01 0.000000000000000000e+00
6.700000000000000000e+01 0.000000000000000000e+00
6.800000000000000000e+01 0.000000000000000000e+00
6.900000000000000000e+01 0.000000000000000000e+00
7.000000000000000000e+01 0.000000000000000000e+00
7.100000000000000000e+01 0.000000000000000000e+00
7.200000000000000000e+01 0.000000000000000000e+00
7.300000000000000000e+01 0.000000000000000000e+00
7.400000000000000000e+01 0.000000000000000000e+00
7.500000000000000000e+01 0.000000000000000000e+00
7.600000000000000000e+01 0.000000000000000000e+00
7.700000000000000000e+01 0.000000000000000000e+00
7.800000000000000000e+01 0.000000000000000000e+00
7.900000000000000000e+01 0.000000000000000000e+00
8.000000000000000000e+01 0.000000000000000000e+00
8.100000000000000000e+01 0.000000000000000000e+00
8.200000000000000000e+01 0.000000000000000000e+00
8.300000000000000000e+01 0.000000000000000000e+00
8.400000000000000000e+01 0.000000000000000000e+00
8.500000000000000000e+01 0.000000000000000000e+00
8.600000000000000000e+01 0.000000000000000000e+00
8.700000000000000000e+01 0.000000000000000000e+00
8.800000000000000000e+01 0.000000000000000000e+00
8.900000000000000000e+01 0.000000000000000000e+00
9.000000000000000000e+01 0.000000000000000000e+00
9.100000000000000000e+01 0.000000000000000000e+00
9.200000000000000000e+01 0.000000000000000000e+00
9.300000000000000000e+01 0.000000000000000000e+00
9.400000000000000000e+01 0.000000000000000000e+00
9.500000000000000000e+01 0.000000000000000000e+00
9.600000000000000000e+01 0.000000000000000000e+00
9.700000000000000000e+01 0.000000000000000000e+00
9.800000000000000000e+01 0.000000000000000000e+00
9.900000000000000000e+01 0.000000000000000000e+00
1.000000000000000000e+02 0.000000000000000000e+00
