0.000000000000000000e+00 0.000000000000000000e+00
1.000000000000000000e+00 0.000000000000000000e+00
2.000000000000000000e+00 0.000000000000000000e+00
3.000000000000000000e+00 0.000000000000000000e+00
4.000000000000000000e+00 0.000000000000000000e+00
5.000000000000000000e+00 0.000000000000000000e+00
6.000000000000000000e+00 0.000000000000000000e+00
7.000000000000000000e+00 0.000000000000000000e+00
8.000000000000000000e+00 0.000000000000000000e+00
9.000000000000000000e+00 0.000000000000000000e+00
1.000000000000000000e+01 0.000000000000000000e+00
1.100000000000000000e+01 0.000000000000000000e+00
1.200000000000000000e+01 0.000000000000000000e+00
1.300000000000000000e+01 0.000000000000000000e+00
1.400000000000000000e+01 3.618908962054794362e-05
1.500000000000000000e+01 7.094518579831034493e-04
1.600000000000000000e+01 5.221982670327746448e-03
1.700000000000000000e+01 1.451419359294716348e-02
1.800000000000000000e+01 1.690568606246837732e-02
1.900000000000000000e+01 2.733242596809232552e-02
2.000000000000000000e+01 1.240443258097144175e-01
2.100000000000000000e+01 3.121576578005081370e-01
2.200000000000000000e+01 3.263159148006438137e-01
2.300000000000000000e+01 1.416978253728533033e-01
2.400000000000000000e+01 2.771938143463514512e-02
2.500000000000000000e+01 3.022898714877760712e-03
2.600000000000000000e+01 2.938000167383241455e-04
2.700000000000000000e+01 2.692340469613016323e-05
2.800000000000000000e+01 1.317189332181003016e-06
2.900000000000000000e+01 2.621456164060446592e-08
3.000000000000000000e+01 0.000000000000000000e+00
3.100000000000000000e+01 0.000000000000000000e+00
3.200000000000000000e+01 0.000000000000000000e+00
3.300000000000000000e+01 0.000000000000000000e+00
3.400000000000000000e+01 0.000000000000000000e+00
3.500000000000000000e+01 0.000000000000000000e+00
3.600000000000000000e+01 0.000000000000000000e+00
3.700000000000000000e+01 0.000000000000000000e+00
3.800000000000000000e+01 0.000000000000000000e+00
3.900000000000000000e+01 0.000000000000000000e+00
4.000000000000000000e+01 0.000000000000000000e+00
4.100000000000000000e+01 0.000000000000000000e+00
4.200000000000000000e+01 0.000000000000000000e+00
4.300000000000000000e+01 0.000000000000000000e+00
4.400000000000000000e+01 0.000000000000000000e+00
4.500000000000000000e+01 0.000000000000000000e+00
4.600000000000000000e+01 0.000000000000000000e+00
4.700000000000000000e+01 0.000000000000000000e+00
4.800000000000000000e+01 0.000000000000000000e+00
4.900000000000000000e+01 0.000000000000000000e+00
5.000000000000000000e+01 0.000000000000000000e+00
5.100000000000000000e+01 0.000000000000000000e+00
5.200000000000000000e+01 0.000000000000000000e+00
5.300000000000000000e+01 0.000000000000000000e+00
5.400000000000000000e+01 0.000000000000000000e+00
5.500000000000000000e+01 0.000000000000000000e+00
5.600000000000000000e+01 0.000000000000000000e+00
5.700000000000000000e+01 0.000000000000000000e+00
5.800000000000000000e+01 0.000000000000000000e+00
5.900000000000000000e+01 0.000000000000000000e+00
6.000000000000000000e+01 0.000000000000000000e+00
6.100000000000000000e+01 0.000000000000000000e+00
6.200000000000000000e+01 0.000000000000000000e+00
6.300000000000000000e+01 0.000000000000000000e+00
6.400000000000000000e+01 0.000000000000000000e+00
6.500000000000000000e+01 0.000000000000000000e+00
6.600000000000000000e+01 0.000000000000000000e+00
6.700000000000000000e+01 0.000000000000000000e+00
6.800000000000000000e+01 0.000000000000000000e+00
6.900000000000000000e+01 0.000000000000000000e+00
7.000000000000000000e+01 0.000000000000000000e+00
7.100000000000000000e+01 0.000000000000000000e+00
7.200000000000000000e+01 0.000000000000000000e+00
7.300000000000000000e+01 0.000000000000000000e+00
7.400000000000000000e+01 0.000000000000000000e+00
7.500000000000000000e+01 0.000000000000000000e+00
7.600000000000000000e+01 0.000000000000000000e+00
7.700000000000000000e+01 0.000000000000000000e+00
7.800000000000000000e+01 0.000000000000000000e+00
7.900000000000000000e+01 0.000000000000000000e+00
8.000000000000000000e+01 0.000000000000000000e+00
8.100000000000000000e+01 0.000000000000000000e+00
8.200000000000000000e+01 0.000000000000000000e+00
8.300000000000000000e+01 0.000000000000000000e+00
8.400000000000000000e+01 0.000000000000000000e+00
8.500000000000000000e+01 0.000000000000000000e+00
8.600000000000000000e+01 0.000000000000000000e+00
8.700000000000000000e+01 0.000000000000000000e+00
8.800000000000000000e+01 0.000000000000000000e+00
8.900000000000000000e+01 0.000000000000000000e+00
9.000000000000000000e+01 0.000000000000000000e+00
9.100000000000000000e+01 0.000000000000000000e+00
9.200000000000000000e+01 0.000000000000000000e+00
9.300000000000000000e+01 0.000000000000000000e+00
9.400000000000000000e+01 0.000000000000000000e+00
9.500000000000000000e+01 0.000000000000000000e+00
9.600000000000000000e+01 0.000000000000000000e+00
9.700000000000000000e+01 0.000000000000000000e+00
9.800000000000000000e+01 0.000000000000000000e+00
9.900000000000000000e+01 0.000000000000000000e+00
1.000000000000000000e+02 0.000000000000000000e+00
