   0.0000000e+00   3.5443897e+06   4.2902120e+03
   8.0000000e+00   3.5174317e+06  -7.1029323e+03
   1.6000000e+01   3.5419824e+06  -4.9710553e+03
   2.4000000e+01   3.5754691e+06  -6.7709177e+03
   3.2000000e+01   3.6376031e+06  -2.0764010e+04
   4.0000000e+01   3.7117027e+06  -2.8167073e+04
   4.8000000e+01   3.8215882e+06  -4.7485200e+04
   5.6000000e+01   3.9751822e+06  -5.8977422e+04
   6.4000000e+01   4.1366759e+06  -6.3176129e+04
   7.2000000e+01   4.3260982e+06  -7.6310944e+04
   8.0000000e+01   4.5360436e+06  -8.8738865e+04
   8.8000000e+01   4.7336031e+06  -8.6940749e+04
   9.6000000e+01   4.9357748e+06  -8.7255150e+04
   1.0400000e+02   5.1109856e+06  -7.3874751e+04
   1.1200000e+02   5.2181436e+06  -5.6006035e+04
   1.2000000e+02   5.2776172e+06  -4.1167020e+04
   1.2800000e+02   5.2669954e+06  -1.6783168e+04
   1.3600000e+02   5.1923374e+06   9.5839503e+03
   1.4400000e+02   5.0690672e+06   4.4319816e+04
   1.5200000e+02   4.8978893e+06   6.3813900e+04
   1.6000000e+02   4.7081545e+06   7.2282173e+04
   1.6800000e+02   4.4990251e+06   7.6318894e+04
   1.7600000e+02   4.2919701e+06   8.0006270e+04
   1.8400000e+02   4.1044397e+06   7.2739174e+04
   1.9200000e+02   3.9463296e+06   6.5611433e+04
   2.0000000e+02   3.8139854e+06   5.0455787e+04
   2.0800000e+02   3.7009555e+06   4.1588781e+04
   2.1600000e+02   3.6127076e+06   2.9437812e+04
   2.2400000e+02   3.5621866e+06   2.2156431e+04
   2.3200000e+02   3.5304906e+06   1.0088141e+04
   2.4000000e+02   3.5175526e+06   5.7023673e+03
   2.4800000e+02   3.5122819e+06   1.4623306e+04
   2.5600000e+02   3.5168503e+06   3.8957598e+03
   2.6400000e+02   3.5290214e+06   3.8124054e+03
   2.7200000e+02   3.5525235e+06  -4.8805113e+03
   2.8000000e+02   3.5739399e+06   2.2669911e+03
   2.8800000e+02   3.6016343e+06   5.6342579e+03
   2.9600000e+02   3.6199855e+06  -4.8709065e+01
   3.0400000e+02   3.6481976e+06  -2.0480851e+03
   3.1200000e+02   3.6773836e+06  -7.2315850e+03
   3.2000000e+02   3.6921319e+06  -9.2140584e+03
   3.2800000e+02   3.7158873e+06  -3.5774241e+03
   3.3600000e+02   3.7202215e+06  -8.7731562e+02
   3.4400000e+02   3.7285594e+06   8.1666224e+03
   3.5200000e+02   3.7331258e+06   8.6349376e+01
   3.6000000e+02   3.7355061e+06   4.9018678e+02
   3.6800000e+02   3.7353353e+06   7.9605845e+03
   3.7600000e+02   3.7386880e+06   7.4440612e+03
   3.8400000e+02   3.7346173e+06   1.2140181e+04
   3.9200000e+02   3.7240764e+06   6.9521762e+03
   4.0000000e+02   3.7242688e+06  -4.4651680e+03
   4.0800000e+02   3.7291657e+06   5.2897460e+03
   4.1600000e+02   3.7249184e+06   1.2566111e+04
   4.2400000e+02   3.7307608e+06   7.3644717e+03
   4.3200000e+02   3.7141681e+06   3.2566602e+03
   4.4000000e+02   3.7202576e+06   3.3054868e+03
   4.4800000e+02   3.7182333e+06   1.8121087e+02
   4.5600000e+02   3.7166302e+06   5.0295840e+03
   4.6400000e+02   3.7206277e+06   5.5477479e+03
   4.7200000e+02   3.7238956e+06   4.9573397e+03
   4.8000000e+02   3.7182724e+06   3.9973515e+03
   4.8800000e+02   3.7209881e+06   6.9355869e+03
   4.9600000e+02   3.7184764e+06   7.7478526e+03
   5.0400000e+02   3.7257976e+06   1.1704111e+04
   5.1200000e+02   3.7143168e+06   1.1717376e+03
   5.2000000e+02   3.7079501e+06   2.1188935e+03
   5.2800000e+02   3.7067698e+06   1.2011617e+04
   5.3600000e+02   3.7047313e+06   8.3696076e+03
   5.4400000e+02   3.7087455e+06   1.0866858e+04
   5.5200000e+02   3.7016270e+06   1.0266720e+04
   5.6000000e+02   3.6871815e+06  -1.0599945e+03
   5.6800000e+02   3.6864464e+06   9.6740978e+03
   5.7600000e+02   3.6807057e+06   1.1911554e+04
   5.8400000e+02   3.6815653e+06   1.4952144e+04
   5.9200000e+02   3.6699727e+06   1.3961922e+04
   6.0000000e+02   3.6654921e+06   7.6990025e+03
   6.0800000e+02   3.6670834e+06   6.9045886e+01
   6.1600000e+02   3.6686331e+06   2.3705966e+03
   6.2400000e+02   3.6645142e+06   1.1948543e+04
   6.3200000e+02   3.6585458e+06   1.1586951e+04
   6.4000000e+02   3.6579632e+06   4.9002905e+03
   6.4800000e+02   3.6631061e+06   4.2048731e+03
   6.5600000e+02   3.6678273e+06   9.7309857e+03
   6.6400000e+02   3.6725266e+06   8.6467947e+03
   6.7200000e+02   3.6791242e+06   4.5946435e+03
   6.8000000e+02   3.6763981e+06   6.7858260e+02
   6.8800000e+02   3.6718709e+06  -3.2513716e+03
   6.9600000e+02   3.6776759e+06  -1.1438720e+03
   7.0400000e+02   3.6855771e+06   1.6596354e+04
   7.1200000e+02   3.6873574e+06   5.9564184e+03
   7.2000000e+02   3.6939364e+06   4.2699177e+03
   7.2800000e+02   3.6889394e+06   5.8529801e+03
   7.3600000e+02   3.6898694e+06   8.5159944e+03
   7.4400000e+02   3.6927145e+06   1.1097581e+04
   7.5200000e+02   3.6945843e+06   8.6300113e+03
   7.6000000e+02   3.6965444e+06   7.1131885e+03
   7.6800000e+02   3.6918823e+06   3.1097276e+03
   7.7600000e+02   3.6900971e+06   4.2518534e+03
   7.8400000e+02   3.6892343e+06   1.5518493e+03
   7.9200000e+02   3.6877136e+06   8.6014294e+03
   8.0000000e+02   3.6851456e+06   3.3598459e+02
   8.0800000e+02   3.6811247e+06   6.4039833e+03
   8.1600000e+02   3.6803047e+06   7.9634879e+03
   8.2400000e+02   3.6845872e+06   8.0461146e+03
   8.3200000e+02   3.6783343e+06   7.7355531e+03
   8.4000000e+02   3.6789636e+06  -7.2262532e+02
   8.4800000e+02   3.6704397e+06   5.9656688e+03
   8.5600000e+02   3.6737160e+06  -5.8018543e+02
   8.6400000e+02   3.6652956e+06   6.5106112e+03
   8.7200000e+02   3.6652227e+06  -9.4646486e+02
   8.8000000e+02   3.6643909e+06   4.9144683e+03
   8.8800000e+02   3.6647689e+06   1.3448722e+03
   8.9600000e+02   3.6615235e+06   1.0822210e+04
   9.0400000e+02   3.6563166e+06   7.9797140e+03
   9.1200000e+02   3.6547218e+06   4.0639351e+03
   9.2000000e+02   3.6582986e+06  -1.7563691e+03
   9.2800000e+02   3.6638000e+06   1.0794009e+03
   9.3600000e+02   3.6566520e+06   4.3024208e+03
   9.4400000e+02   3.6507829e+06  -1.6190379e+03
   9.5200000e+02   3.6546921e+06  -1.6382253e+03
   9.6000000e+02   3.6559122e+06  -4.2235473e+03
   9.6800000e+02   3.6539470e+06   8.0999357e+03
   9.7600000e+02   3.6580885e+06   3.6726694e+03
   9.8400000e+02   3.6605240e+06   3.6058999e+03
   9.9200000e+02   3.6560837e+06   3.6244262e+03
   1.0000000e+03   3.6558620e+06   5.2539829e+03
   1.0080000e+03   3.6591307e+06   5.8520463e+03
   1.0160000e+03   3.6583271e+06   1.1301947e+04
   1.0240000e+03   3.6529053e+06   7.7816230e+03
   1.0320000e+03   3.6559819e+06   1.8786434e+03
