  -1.2000000e+02   6.2976235e-01   0.0000000e+00
  -1.1200000e+02   6.2968485e-01   0.0000000e+00
  -1.0400000e+02   6.2960735e-01   0.0000000e+00
  -9.6000000e+01   6.2952987e-01   0.0000000e+00
  -8.8000000e+01   6.2945240e-01   0.0000000e+00
  -8.0000000e+01   6.2937494e-01   0.0000000e+00
  -7.2000000e+01   6.2929748e-01   0.0000000e+00
  -6.4000000e+01   6.2922004e-01   0.0000000e+00
  -5.6000000e+01   6.2914260e-01   0.0000000e+00
  -4.8000000e+01   6.2906518e-01   0.0000000e+00
  -4.0000000e+01   6.2898776e-01   0.0000000e+00
  -3.2000000e+01   6.2891036e-01   0.0000000e+00
  -2.4000000e+01   6.2883296e-01   0.0000000e+00
  -1.6000000e+01   6.2875557e-01   0.0000000e+00
  -8.0000000e+00   6.2867820e-01   0.0000000e+00
   0.0000000e+00   6.2860083e-01   0.0000000e+00
   8.0000000e+00   6.2852347e-01   0.0000000e+00
   1.6000000e+01   6.2844612e-01   0.0000000e+00
   2.4000000e+01   6.2836878e-01   0.0000000e+00
   3.2000000e+01   6.2829145e-01   0.0000000e+00
   4.0000000e+01   6.2821413e-01   0.0000000e+00
   4.8000000e+01   6.2813682e-01   0.0000000e+00
   5.6000000e+01   6.2805952e-01   0.0000000e+00
   6.4000000e+01   6.2798223e-01   0.0000000e+00
   7.2000000e+01   6.2790495e-01   0.0000000e+00
   8.0000000e+01   6.2782767e-01   0.0000000e+00
   8.8000000e+01   6.2775041e-01   0.0000000e+00
   9.6000000e+01   6.2767316e-01   0.0000000e+00
   1.0400000e+02   6.2759591e-01   0.0000000e+00
   1.1200000e+02   6.2751868e-01   0.0000000e+00
   1.2000000e+02   6.2744145e-01   0.0000000e+00
   1.2800000e+02   6.2736424e-01   0.0000000e+00
   1.3600000e+02   6.2728703e-01   0.0000000e+00
   1.4400000e+02   6.2720984e-01   0.0000000e+00
   1.5200000e+02   6.2713265e-01   0.0000000e+00
   1.6000000e+02   6.2705547e-01   0.0000000e+00
   1.6800000e+02   6.2697830e-01   0.0000000e+00
   1.7600000e+02   6.2690114e-01   0.0000000e+00
   1.8400000e+02   6.2682399e-01   0.0000000e+00
   1.9200000e+02   6.2674686e-01   0.0000000e+00
   2.0000000e+02   6.2666973e-01   0.0000000e+00
   2.0800000e+02   6.2659260e-01   0.0000000e+00
   2.1600000e+02   6.2651549e-01   0.0000000e+00
   2.2400000e+02   6.2643839e-01   0.0000000e+00
   2.3200000e+02   6.2636130e-01   0.0000000e+00
   2.4000000e+02   6.2628422e-01   0.0000000e+00
   2.4800000e+02   6.2620714e-01   0.0000000e+00
   2.5600000e+02   6.2613008e-01   0.0000000e+00
   2.6400000e+02   6.2605303e-01   0.0000000e+00
   2.7200000e+02   6.2597598e-01   0.0000000e+00
   2.8000000e+02   6.2589895e-01   0.0000000e+00
   2.8800000e+02   6.2582192e-01   0.0000000e+00
   2.9600000e+02   6.2574490e-01   0.0000000e+00
   3.0400000e+02   6.2566790e-01   0.0000000e+00
   3.1200000e+02   6.2559090e-01   0.0000000e+00
   3.2000000e+02   6.2551391e-01   0.0000000e+00
   3.2800000e+02   6.2543693e-01   0.0000000e+00
   3.3600000e+02   6.2535996e-01   0.0000000e+00
   3.4400000e+02   6.2528300e-01   0.0000000e+00
   3.5200000e+02   6.2520605e-01   0.0000000e+00
   3.6000000e+02   6.2512911e-01   0.0000000e+00
   3.6800000e+02   6.2505218e-01   0.0000000e+00
   3.7600000e+02   6.2497526e-01   0.0000000e+00
   3.8400000e+02   6.2489835e-01   0.0000000e+00
   3.9200000e+02   6.2482145e-01   0.0000000e+00
   4.0000000e+02   6.2474455e-01   0.0000000e+00
   4.0800000e+02   6.2466767e-01   0.0000000e+00
   4.1600000e+02   6.2459080e-01   0.0000000e+00
   4.2400000e+02   6.2451393e-01   0.0000000e+00
   4.3200000e+02   6.2443708e-01   0.0000000e+00
   4.4000000e+02   6.2436023e-01   0.0000000e+00
   4.4800000e+02   6.2428339e-01   0.0000000e+00
   4.5600000e+02   6.2420657e-01   0.0000000e+00
   4.6400000e+02   6.2412975e-01   0.0000000e+00
   4.7200000e+02   6.2405294e-01   0.0000000e+00
   4.8000000e+02   6.2397614e-01   0.0000000e+00
   4.8800000e+02   6.2389935e-01   0.0000000e+00
   4.9600000e+02   6.2382257e-01   0.0000000e+00
   5.0400000e+02   6.2374580e-01   0.0000000e+00
   5.1200000e+02   6.2366904e-01   0.0000000e+00
   5.2000000e+02   6.2359229e-01   0.0000000e+00
   5.2800000e+02   6.2351555e-01   0.0000000e+00
   5.3600000e+02   6.2343882e-01   0.0000000e+00
   5.4400000e+02   6.2336209e-01   0.0000000e+00
   5.5200000e+02   6.2328538e-01   0.0000000e+00
   5.6000000e+02   6.2320868e-01   0.0000000e+00
   5.6800000e+02   6.2313198e-01   0.0000000e+00
   5.7600000e+02   6.2305530e-01   0.0000000e+00
   5.8400000e+02   6.2297862e-01   0.0000000e+00
   5.9200000e+02   6.2290195e-01   0.0000000e+00
   6.0000000e+02   6.2282530e-01   0.0000000e+00
   6.0800000e+02   6.2274865e-01   0.0000000e+00
   6.1600000e+02   6.2267201e-01   0.0000000e+00
   6.2400000e+02   6.2259538e-01   0.0000000e+00
   6.3200000e+02   6.2251876e-01   0.0000000e+00
   6.4000000e+02   6.2244215e-01   0.0000000e+00
   6.4800000e+02   6.2236555e-01   0.0000000e+00
   6.5600000e+02   6.2228896e-01   0.0000000e+00
   6.6400000e+02   6.2221238e-01   0.0000000e+00
   6.7200000e+02   6.2213581e-01   0.0000000e+00
   6.8000000e+02   6.2205925e-01   0.0000000e+00
   6.8800000e+02   6.2198269e-01   0.0000000e+00
   6.9600000e+02   6.2190615e-01   0.0000000e+00
   7.0400000e+02   6.2182961e-01   0.0000000e+00
   7.1200000e+02   6.2175309e-01   0.0000000e+00
   7.2000000e+02   6.2167657e-01   0.0000000e+00
   7.2800000e+02   6.2160007e-01   0.0000000e+00
   7.3600000e+02   6.2152357e-01   0.0000000e+00
   7.4400000e+02   6.2144708e-01   0.0000000e+00
   7.5200000e+02   6.2137061e-01   0.0000000e+00
   7.6000000e+02   6.2129414e-01   0.0000000e+00
   7.6800000e+02   6.2121768e-01   0.0000000e+00
   7.7600000e+02   6.2114123e-01   0.0000000e+00
   7.8400000e+02   6.2106479e-01   0.0000000e+00
   7.9200000e+02   6.2098836e-01   0.0000000e+00
   8.0000000e+02   6.2091194e-01   0.0000000e+00
   8.0800000e+02   6.2083552e-01   0.0000000e+00
   8.1600000e+02   6.2075912e-01   0.0000000e+00
   8.2400000e+02   6.2068273e-01   0.0000000e+00
   8.3200000e+02   6.2060634e-01   0.0000000e+00
   8.4000000e+02   6.2052997e-01   0.0000000e+00
   8.4800000e+02   6.2045360e-01   0.0000000e+00
   8.5600000e+02   6.2037725e-01   0.0000000e+00
   8.6400000e+02   6.2030090e-01   0.0000000e+00
   8.7200000e+02   6.2022457e-01   0.0000000e+00
   8.8000000e+02   6.2014824e-01   0.0000000e+00
   8.8800000e+02   6.2007192e-01   0.0000000e+00
   8.9600000e+02   6.1999561e-01   0.0000000e+00
   9.0400000e+02   6.1991931e-01   0.0000000e+00
   9.1200000e+02   6.1984302e-01   0.0000000e+00
   9.2000000e+02   6.1976674e-01   0.0000000e+00
   9.2800000e+02   6.1969047e-01   0.0000000e+00
   9.3600000e+02   6.1961421e-01   0.0000000e+00
   9.4400000e+02   6.1953796e-01   0.0000000e+00
   9.5200000e+02   6.1946171e-01   0.0000000e+00
   9.6000000e+02   6.1938548e-01   0.0000000e+00
   9.6800000e+02   6.1930926e-01   0.0000000e+00
   9.7600000e+02   6.1923304e-01   0.0000000e+00
   9.8400000e+02   6.1915684e-01   0.0000000e+00
   9.9200000e+02   6.1908064e-01   0.0000000e+00
   1.0000000e+03   6.1900445e-01   0.0000000e+00
   1.0080000e+03   6.1892828e-01   0.0000000e+00
   1.0160000e+03   6.1885211e-01   0.0000000e+00
   1.0240000e+03   6.1877595e-01   0.0000000e+00
   1.0320000e+03   6.1869980e-01   0.0000000e+00
   1.0400000e+03   6.1862366e-01   0.0000000e+00
   1.0480000e+03   6.1854753e-01   0.0000000e+00
   1.0560000e+03   6.1847141e-01   0.0000000e+00
   1.0640000e+03   6.1839530e-01   0.0000000e+00
   1.0720000e+03   6.1831919e-01   0.0000000e+00
   1.0800000e+03   6.1824310e-01   0.0000000e+00
   1.0880000e+03   6.1816702e-01   0.0000000e+00
   1.0960000e+03   6.1809094e-01   0.0000000e+00
   1.1040000e+03   6.1801488e-01   0.0000000e+00
   1.1120000e+03   6.1793882e-01   0.0000000e+00
   1.1200000e+03   6.1786278e-01   0.0000000e+00
   1.1280000e+03   6.1778674e-01   0.0000000e+00
   1.1360000e+03   6.1771071e-01   0.0000000e+00
   1.1440000e+03   6.1763469e-01   0.0000000e+00
   1.1520000e+03   6.1755869e-01   0.0000000e+00
   1.1600000e+03   6.1748269e-01   0.0000000e+00
   1.1680000e+03   6.1740670e-01   0.0000000e+00
   1.1760000e+03   6.1733072e-01   0.0000000e+00
   1.1840000e+03   6.1725474e-01   0.0000000e+00
   1.1920000e+03   6.1717878e-01   0.0000000e+00
   1.2000000e+03   6.1710283e-01   0.0000000e+00
   1.2080000e+03   6.1702689e-01   0.0000000e+00
   1.2160000e+03   6.1695095e-01   0.0000000e+00
   1.2240000e+03   6.1687503e-01   0.0000000e+00
   1.2320000e+03   6.1679911e-01   0.0000000e+00
   1.2400000e+03   6.1672321e-01   0.0000000e+00
   1.2480000e+03   6.1664731e-01   0.0000000e+00
   1.2560000e+03   6.1657142e-01   0.0000000e+00
   1.2640000e+03   6.1649554e-01   0.0000000e+00
   1.2720000e+03   6.1641968e-01   0.0000000e+00
   1.2800000e+03   6.1634382e-01   0.0000000e+00
   1.2880000e+03   6.1626797e-01   0.0000000e+00
   1.2960000e+03   6.1619213e-01   0.0000000e+00
   1.3040000e+03   6.1611630e-01   0.0000000e+00
   1.3120000e+03   6.1604047e-01   0.0000000e+00
   1.3200000e+03   6.1596466e-01   0.0000000e+00
   1.3280000e+03   6.1588886e-01   0.0000000e+00
   1.3360000e+03   6.1581306e-01   0.0000000e+00
   1.3440000e+03   6.1573728e-01   0.0000000e+00
   1.3520000e+03   6.1566150e-01   0.0000000e+00
   1.3600000e+03   6.1558574e-01   0.0000000e+00
   1.3680000e+03   6.1550998e-01   0.0000000e+00
   1.3760000e+03   6.1543423e-01   0.0000000e+00
   1.3840000e+03   6.1535850e-01   0.0000000e+00
   1.3920000e+03   6.1528277e-01   0.0000000e+00
   1.4000000e+03   6.1520705e-01   0.0000000e+00
   1.4080000e+03   6.1513134e-01   0.0000000e+00
   1.4160000e+03   6.1505564e-01   0.0000000e+00
   1.4240000e+03   6.1497995e-01   0.0000000e+00
   1.4320000e+03   6.1490426e-01   0.0000000e+00
   1.4400000e+03   6.1482859e-01   0.0000000e+00
   1.4480000e+03   6.1475293e-01   0.0000000e+00
   1.4560000e+03   6.1467727e-01   0.0000000e+00
   1.4640000e+03   6.1460163e-01   0.0000000e+00
   1.4720000e+03   6.1452599e-01   0.0000000e+00
   1.4800000e+03   6.1445037e-01   0.0000000e+00
   1.4880000e+03   6.1437475e-01   0.0000000e+00
   1.4960000e+03   6.1429914e-01   0.0000000e+00
   1.5040000e+03   6.1422354e-01   0.0000000e+00
   1.5120000e+03   6.1414796e-01   0.0000000e+00
   1.5200000e+03   6.1407238e-01   0.0000000e+00
   1.5280000e+03   6.1399681e-01   0.0000000e+00
   1.5360000e+03   6.1392124e-01   0.0000000e+00
   1.5440000e+03   6.1384569e-01   0.0000000e+00
   1.5520000e+03   6.1377015e-01   0.0000000e+00
   1.5600000e+03   6.1369462e-01   0.0000000e+00
   1.5680000e+03   6.1361909e-01   0.0000000e+00
   1.5760000e+03   6.1354358e-01   0.0000000e+00
   1.5840000e+03   6.1346807e-01   0.0000000e+00
   1.5920000e+03   6.1339258e-01   0.0000000e+00
   1.6000000e+03   6.1331709e-01   0.0000000e+00
   1.6080000e+03   6.1324161e-01   0.0000000e+00
   1.6160000e+03   6.1316615e-01   0.0000000e+00
   1.6240000e+03   6.1309069e-01   0.0000000e+00
   1.6320000e+03   6.1301524e-01   0.0000000e+00
   1.6400000e+03   6.1293980e-01   0.0000000e+00
   1.6480000e+03   6.1286437e-01   0.0000000e+00
   1.6560000e+03   6.1278894e-01   0.0000000e+00
   1.6640000e+03   6.1271353e-01   0.0000000e+00
   1.6720000e+03   6.1263813e-01   0.0000000e+00
   1.6800000e+03   6.1256273e-01   0.0000000e+00
   1.6880000e+03   6.1248735e-01   0.0000000e+00
   1.6960000e+03   6.1241198e-01   0.0000000e+00
   1.7040000e+03   6.1233661e-01   0.0000000e+00
   1.7120000e+03   6.1226125e-01   0.0000000e+00
