   0.0000000e+00   2.8922493e-01   0.0000000e+00
   8.0000000e+00   2.8796481e-01   0.0000000e+00
   1.6000000e+01   2.7790255e-01   0.0000000e+00
   2.4000000e+01   2.6052246e-01   0.0000000e+00
   3.2000000e+01   2.3486444e-01   0.0000000e+00
   4.0000000e+01   2.0422376e-01   0.0000000e+00
   4.8000000e+01   1.6743609e-01   0.0000000e+00
   5.6000000e+01   1.2748354e-01   0.0000000e+00
   6.4000000e+01   8.7840558e-02   0.0000000e+00
   7.2000000e+01   5.1525639e-02   0.0000000e+00
   8.0000000e+01   1.8852615e-02   0.0000000e+00
   8.8000000e+01  -1.0866322e-02   0.0000000e+00
   9.6000000e+01  -3.5306869e-02   0.0000000e+00
   1.0400000e+02  -4.9734740e-02   0.0000000e+00
   1.1200000e+02  -5.8901322e-02   0.0000000e+00
   1.2000000e+02  -6.2537521e-02   0.0000000e+00
   1.2800000e+02  -6.3873097e-02   0.0000000e+00
   1.3600000e+02  -6.2232623e-02   0.0000000e+00
   1.4400000e+02  -5.8311558e-02   0.0000000e+00
   1.5200000e+02  -5.1054388e-02   0.0000000e+00
   1.6000000e+02  -4.4501884e-02   0.0000000e+00
   1.6800000e+02  -3.6218095e-02   0.0000000e+00
   1.7600000e+02  -3.0714261e-02   0.0000000e+00
   1.8400000e+02  -2.2494726e-02   0.0000000e+00
   1.9200000e+02  -1.4132761e-02   0.0000000e+00
   2.0000000e+02  -9.8360339e-03   0.0000000e+00
   2.0800000e+02  -3.1360794e-03   0.0000000e+00
   2.1600000e+02  -1.7236171e-03   0.0000000e+00
   2.2400000e+02   7.5966268e-04   0.0000000e+00
   2.3200000e+02   2.2247556e-03   0.0000000e+00
   2.4000000e+02   3.1031643e-03   0.0000000e+00
   2.4800000e+02   3.3001462e-03   0.0000000e+00
   2.5600000e+02   4.4362376e-03   0.0000000e+00
   2.6400000e+02   3.5935612e-03   0.0000000e+00
   2.7200000e+02   1.0163782e-03   0.0000000e+00
   2.8000000e+02   1.3110550e-03   0.0000000e+00
   2.8800000e+02   2.8651330e-03   0.0000000e+00
   2.9600000e+02   1.9710545e-03   0.0000000e+00
   3.0400000e+02   3.7764231e-03   0.0000000e+00
   3.1200000e+02  -4.3064899e-04   0.0000000e+00
   3.2000000e+02   1.4499162e-03   0.0000000e+00
   3.2800000e+02   1.1493570e-03   0.0000000e+00
   3.3600000e+02   9.6166731e-04   0.0000000e+00
   3.4400000e+02   2.2778524e-03   0.0000000e+00
   3.5200000e+02   3.3959557e-03   0.0000000e+00
   3.6000000e+02   2.1316207e-03   0.0000000e+00
   3.6800000e+02   3.1025224e-03   0.0000000e+00
   3.7600000e+02   2.6718695e-03   0.0000000e+00
   3.8400000e+02   4.8737872e-03   0.0000000e+00
   3.9200000e+02   2.0407557e-03   0.0000000e+00
   4.0000000e+02   5.7046504e-04   0.0000000e+00
   4.0800000e+02   4.9548217e-04   0.0000000e+00
   4.1600000e+02   1.8881453e-04   0.0000000e+00
   4.2400000e+02   1.5139746e-03   0.0000000e+00
   4.3200000e+02  -1.6278540e-04   0.0000000e+00
   4.4000000e+02  -3.8368709e-03   0.0000000e+00
   4.4800000e+02  -3.7927689e-03   0.0000000e+00
   4.5600000e+02  -5.1137351e-03   0.0000000e+00
   4.6400000e+02  -4.6345592e-03   0.0000000e+00
   4.7200000e+02  -7.5627671e-03   0.0000000e+00
   4.8000000e+02  -8.5489325e-03   0.0000000e+00
   4.8800000e+02  -7.8660018e-03   0.0000000e+00
   4.9600000e+02  -7.1951304e-03   0.0000000e+00
   5.0400000e+02  -8.0818943e-03   0.0000000e+00
   5.1200000e+02  -9.4807397e-03   0.0000000e+00
   5.2000000e+02  -9.3958895e-03   0.0000000e+00
   5.2800000e+02  -7.7334662e-03   0.0000000e+00
   5.3600000e+02  -6.1914426e-03   0.0000000e+00
   5.4400000e+02  -4.6594311e-03   0.0000000e+00
   5.5200000e+02  -2.6138244e-03   0.0000000e+00
   5.6000000e+02  -3.1131535e-03   0.0000000e+00
   5.6800000e+02  -4.1055634e-03   0.0000000e+00
   5.7600000e+02  -2.2767083e-03   0.0000000e+00
   5.8400000e+02   1.1530725e-04   0.0000000e+00
   5.9200000e+02   8.4124406e-04   0.0000000e+00
   6.0000000e+02   2.8634250e-03   0.0000000e+00
   6.0800000e+02   1.7556746e-03   0.0000000e+00
   6.1600000e+02   2.2500711e-03   0.0000000e+00
   6.2400000e+02   3.2613790e-03   0.0000000e+00
   6.3200000e+02   4.0082167e-03   0.0000000e+00
   6.4000000e+02   4.7785534e-03   0.0000000e+00
   6.4800000e+02   3.7642365e-03   0.0000000e+00
   6.5600000e+02   3.5247997e-03   0.0000000e+00
   6.6400000e+02   3.5342375e-03   0.0000000e+00
   6.7200000e+02   3.3658835e-03   0.0000000e+00
   6.8000000e+02   2.9140286e-03   0.0000000e+00
   6.8800000e+02   2.0677867e-03   0.0000000e+00
   6.9600000e+02   2.0882861e-03   0.0000000e+00
   7.0400000e+02   3.4906630e-03   0.0000000e+00
   7.1200000e+02   2.0395274e-03   0.0000000e+00
   7.2000000e+02   2.4530168e-03   0.0000000e+00
   7.2800000e+02   3.7967764e-04   0.0000000e+00
   7.3600000e+02   1.5141640e-03   0.0000000e+00
   7.4400000e+02  -5.3618737e-04   0.0000000e+00
   7.5200000e+02  -3.1266371e-04   0.0000000e+00
   7.6000000e+02  -2.9627864e-04   0.0000000e+00
   7.6800000e+02   5.0241619e-05   0.0000000e+00
   7.7600000e+02  -5.9255472e-04   0.0000000e+00
   7.8400000e+02  -1.7736809e-03   0.0000000e+00
   7.9200000e+02  -1.9669670e-03   0.0000000e+00
   8.0000000e+02  -7.4378081e-04   0.0000000e+00
   8.0800000e+02   1.0020233e-03   0.0000000e+00
   8.1600000e+02  -7.0727986e-04   0.0000000e+00
   8.2400000e+02  -2.0721686e-03   0.0000000e+00
   8.3200000e+02  -7.5675176e-04   0.0000000e+00
   8.4000000e+02  -1.7936502e-04   0.0000000e+00
   8.4800000e+02  -4.7379907e-04   0.0000000e+00
   8.5600000e+02   9.0202850e-04   0.0000000e+00
   8.6400000e+02   1.8096873e-03   0.0000000e+00
   8.7200000e+02   8.4054625e-04   0.0000000e+00
   8.8000000e+02   1.0230863e-03   0.0000000e+00
   8.8800000e+02   2.1583015e-03   0.0000000e+00
   8.9600000e+02   2.1819721e-03   0.0000000e+00
   9.0400000e+02   9.4408901e-04   0.0000000e+00
   9.1200000e+02   2.0277071e-03   0.0000000e+00
