   0.0000000e+00   3.9319908e-01   0.0000000e+00
   8.0000000e+00   3.9241284e-01   0.0000000e+00
   1.6000000e+01   3.8598351e-01   0.0000000e+00
   2.4000000e+01   3.6605707e-01   0.0000000e+00
   3.2000000e+01   3.3878061e-01   0.0000000e+00
   4.0000000e+01   3.0321069e-01   0.0000000e+00
   4.8000000e+01   2.5863617e-01   0.0000000e+00
   5.6000000e+01   2.1982159e-01   0.0000000e+00
   6.4000000e+01   1.7885437e-01   0.0000000e+00
   7.2000000e+01   1.3538580e-01   0.0000000e+00
   8.0000000e+01   1.0513295e-01   0.0000000e+00
   8.8000000e+01   7.2743156e-02   0.0000000e+00
   9.6000000e+01   4.9130720e-02   0.0000000e+00
   1.0400000e+02   2.9310401e-02   0.0000000e+00
   1.1200000e+02   2.4001279e-02   0.0000000e+00
   1.2000000e+02   1.5696789e-02   0.0000000e+00
   1.2800000e+02   9.5635356e-03   0.0000000e+00
   1.3600000e+02   1.0971098e-02   0.0000000e+00
   1.4400000e+02   1.0187496e-02   0.0000000e+00
   1.5200000e+02   9.5746018e-03   0.0000000e+00
   1.6000000e+02   6.3504085e-03   0.0000000e+00
   1.6800000e+02   3.6015741e-03   0.0000000e+00
   1.7600000e+02   1.5854291e-03   0.0000000e+00
   1.8400000e+02   1.6250915e-03   0.0000000e+00
   1.9200000e+02  -1.5009060e-03   0.0000000e+00
   2.0000000e+02   1.9860774e-03   0.0000000e+00
   2.0800000e+02  -3.6958229e-03   0.0000000e+00
   2.1600000e+02  -3.6774360e-03   0.0000000e+00
   2.2400000e+02  -9.6604666e-03   0.0000000e+00
   2.3200000e+02  -9.8870611e-03   0.0000000e+00
   2.4000000e+02  -2.0065020e-02   0.0000000e+00
   2.4800000e+02  -1.4577324e-02   0.0000000e+00
   2.5600000e+02  -2.3729657e-02   0.0000000e+00
   2.6400000e+02  -2.0688672e-02   0.0000000e+00
   2.7200000e+02  -2.2234613e-02   0.0000000e+00
   2.8000000e+02  -2.7114532e-02   0.0000000e+00
   2.8800000e+02  -2.6146876e-02   0.0000000e+00
   2.9600000e+02  -2.9559982e-02   0.0000000e+00
   3.0400000e+02  -2.6874833e-02   0.0000000e+00
   3.1200000e+02  -2.9790502e-02   0.0000000e+00
   3.2000000e+02  -3.3134042e-02   0.0000000e+00
   3.2800000e+02  -3.1691856e-02   0.0000000e+00
   3.3600000e+02  -2.5626077e-02   0.0000000e+00
   3.4400000e+02  -2.5545060e-02   0.0000000e+00
   3.5200000e+02  -2.0941377e-02   0.0000000e+00
   3.6000000e+02  -2.3623127e-02   0.0000000e+00
   3.6800000e+02  -1.0777917e-02   0.0000000e+00
   3.7600000e+02  -1.5536444e-02   0.0000000e+00
   3.8400000e+02  -9.1977620e-03   0.0000000e+00
   3.9200000e+02  -4.0505759e-03   0.0000000e+00
   4.0000000e+02  -2.0865908e-03   0.0000000e+00
   4.0800000e+02   7.6741471e-04   0.0000000e+00
   4.1600000e+02   7.8943944e-03   0.0000000e+00
   4.2400000e+02   6.6462492e-03   0.0000000e+00
   4.3200000e+02   1.4253379e-02   0.0000000e+00
   4.4000000e+02   1.5152286e-02   0.0000000e+00
   4.4800000e+02   1.6900738e-02   0.0000000e+00
   4.5600000e+02   2.4296208e-02   0.0000000e+00
   4.6400000e+02   2.1735741e-02   0.0000000e+00
   4.7200000e+02   3.0610384e-02   0.0000000e+00
   4.8000000e+02   2.9220383e-02   0.0000000e+00
   4.8800000e+02   3.3601845e-02   0.0000000e+00
   4.9600000e+02   3.3447456e-02   0.0000000e+00
   5.0400000e+02   3.3257573e-02   0.0000000e+00
   5.1200000e+02   3.5150766e-02   0.0000000e+00
   5.2000000e+02   3.8256686e-02   0.0000000e+00
   5.2800000e+02   3.5523765e-02   0.0000000e+00
   5.3600000e+02   3.6151348e-02   0.0000000e+00
   5.4400000e+02   3.4279937e-02   0.0000000e+00
   5.5200000e+02   3.0346467e-02   0.0000000e+00
   5.6000000e+02   3.7372241e-02   0.0000000e+00
   5.6800000e+02   3.4432452e-02   0.0000000e+00
   5.7600000e+02   3.2701143e-02   0.0000000e+00
   5.8400000e+02   2.9003210e-02   0.0000000e+00
   5.9200000e+02   2.3018776e-02   0.0000000e+00
   6.0000000e+02   2.3548728e-02   0.0000000e+00
   6.0800000e+02   2.5529309e-02   0.0000000e+00
   6.1600000e+02   2.2071460e-02   0.0000000e+00
   6.2400000e+02   1.6987489e-02   0.0000000e+00
   6.3200000e+02   1.5447262e-02   0.0000000e+00
   6.4000000e+02   1.1591227e-02   0.0000000e+00
   6.4800000e+02   7.6390802e-03   0.0000000e+00
   6.5600000e+02   7.7688554e-03   0.0000000e+00
   6.6400000e+02   7.5859271e-03   0.0000000e+00
   6.7200000e+02  -2.9909570e-03   0.0000000e+00
   6.8000000e+02  -3.4440325e-03   0.0000000e+00
   6.8800000e+02  -3.8029486e-03   0.0000000e+00
   6.9600000e+02  -7.9184680e-03   0.0000000e+00
   7.0400000e+02  -6.4650397e-03   0.0000000e+00
   7.1200000e+02  -1.3099017e-02   0.0000000e+00
   7.2000000e+02  -8.7848503e-03   0.0000000e+00
   7.2800000e+02  -1.0822223e-02   0.0000000e+00
   7.3600000e+02  -1.4263557e-02   0.0000000e+00
   7.4400000e+02  -1.7713947e-02   0.0000000e+00
   7.5200000e+02  -1.8592901e-02   0.0000000e+00
   7.6000000e+02  -1.9822890e-02   0.0000000e+00
   7.6800000e+02  -2.0890242e-02   0.0000000e+00
   7.7600000e+02  -2.0674843e-02   0.0000000e+00
   7.8400000e+02  -2.1958854e-02   0.0000000e+00
   7.9200000e+02  -1.9315410e-02   0.0000000e+00
   8.0000000e+02  -1.6829383e-02   0.0000000e+00
   8.0800000e+02  -1.8396891e-02   0.0000000e+00
   8.1600000e+02  -1.6636164e-02   0.0000000e+00
   8.2400000e+02  -2.1647726e-02   0.0000000e+00
   8.3200000e+02  -1.4240787e-02   0.0000000e+00
   8.4000000e+02  -1.2330388e-02   0.0000000e+00
   8.4800000e+02  -1.7931274e-02   0.0000000e+00
   8.5600000e+02  -1.2677816e-02   0.0000000e+00
   8.6400000e+02  -7.1436242e-03   0.0000000e+00
   8.7200000e+02  -6.9369274e-03   0.0000000e+00
   8.8000000e+02  -8.8326987e-03   0.0000000e+00
   8.8800000e+02  -7.2355303e-03   0.0000000e+00
   8.9600000e+02  -4.7251918e-03   0.0000000e+00
   9.0400000e+02  -4.7149814e-03   0.0000000e+00
   9.1200000e+02   5.5363334e-03   0.0000000e+00
