   0.0000000e+00   3.3883643e-01   0.0000000e+00
   8.0000000e+00   3.3762228e-01   0.0000000e+00
   1.6000000e+01   3.2661787e-01   0.0000000e+00
   2.4000000e+01   3.0681710e-01   0.0000000e+00
   3.2000000e+01   2.7740973e-01   0.0000000e+00
   4.0000000e+01   2.4335742e-01   0.0000000e+00
   4.8000000e+01   2.0395762e-01   0.0000000e+00
   5.6000000e+01   1.6387932e-01   0.0000000e+00
   6.4000000e+01   1.2296883e-01   0.0000000e+00
   7.2000000e+01   8.4302856e-02   0.0000000e+00
   8.0000000e+01   5.1144647e-02   0.0000000e+00
   8.8000000e+01   2.4441374e-02   0.0000000e+00
   9.6000000e+01   2.6884190e-03   0.0000000e+00
   1.0400000e+02  -1.2730573e-02   0.0000000e+00
   1.1200000e+02  -2.3055938e-02   0.0000000e+00
   1.2000000e+02  -2.8756368e-02   0.0000000e+00
   1.2800000e+02  -3.1389742e-02   0.0000000e+00
   1.3600000e+02  -3.2525859e-02   0.0000000e+00
   1.4400000e+02  -2.7787675e-02   0.0000000e+00
   1.5200000e+02  -2.5676651e-02   0.0000000e+00
   1.6000000e+02  -2.0860466e-02   0.0000000e+00
   1.6800000e+02  -1.5726356e-02   0.0000000e+00
   1.7600000e+02  -1.0661939e-02   0.0000000e+00
   1.8400000e+02  -6.1250043e-03   0.0000000e+00
   1.9200000e+02  -1.7977077e-03   0.0000000e+00
   2.0000000e+02   5.6848861e-04   0.0000000e+00
   2.0800000e+02   1.3254248e-03   0.0000000e+00
   2.1600000e+02   2.3109313e-03   0.0000000e+00
   2.2400000e+02   2.8333693e-03   0.0000000e+00
   2.3200000e+02   2.4029611e-03   0.0000000e+00
   2.4000000e+02  -4.1299118e-04   0.0000000e+00
   2.4800000e+02  -2.3746213e-03   0.0000000e+00
   2.5600000e+02  -4.3227540e-03   0.0000000e+00
   2.6400000e+02  -7.3680603e-03   0.0000000e+00
   2.7200000e+02  -8.8032772e-03   0.0000000e+00
   2.8000000e+02  -1.1407000e-02   0.0000000e+00
   2.8800000e+02  -1.3017027e-02   0.0000000e+00
   2.9600000e+02  -1.4413979e-02   0.0000000e+00
   3.0400000e+02  -1.5254408e-02   0.0000000e+00
   3.1200000e+02  -1.5098582e-02   0.0000000e+00
   3.2000000e+02  -1.4353756e-02   0.0000000e+00
   3.2800000e+02  -1.3262744e-02   0.0000000e+00
   3.3600000e+02  -1.2793948e-02   0.0000000e+00
   3.4400000e+02  -1.2075103e-02   0.0000000e+00
   3.5200000e+02  -9.5655167e-03   0.0000000e+00
   3.6000000e+02  -7.1705699e-03   0.0000000e+00
   3.6800000e+02  -5.3342739e-03   0.0000000e+00
   3.7600000e+02  -4.5471452e-03   0.0000000e+00
   3.8400000e+02  -3.5686917e-03   0.0000000e+00
   3.9200000e+02  -1.0080105e-03   0.0000000e+00
   4.0000000e+02   1.2670673e-03   0.0000000e+00
   4.0800000e+02   1.4168392e-03   0.0000000e+00
   4.1600000e+02   1.9557886e-03   0.0000000e+00
   4.2400000e+02   3.8423223e-03   0.0000000e+00
   4.3200000e+02   5.0169931e-03   0.0000000e+00
   4.4000000e+02   3.6985991e-03   0.0000000e+00
   4.4800000e+02   5.4268568e-03   0.0000000e+00
   4.5600000e+02   5.9981138e-03   0.0000000e+00
   4.6400000e+02   6.8634254e-03   0.0000000e+00
   4.7200000e+02   7.1115084e-03   0.0000000e+00
   4.8000000e+02   6.9858505e-03   0.0000000e+00
   4.8800000e+02   8.2296347e-03   0.0000000e+00
   4.9600000e+02   9.8382824e-03   0.0000000e+00
   5.0400000e+02   9.2091322e-03   0.0000000e+00
   5.1200000e+02   9.9458819e-03   0.0000000e+00
   5.2000000e+02   1.0773108e-02   0.0000000e+00
   5.2800000e+02   1.1352746e-02   0.0000000e+00
   5.3600000e+02   1.1964172e-02   0.0000000e+00
   5.4400000e+02   1.4037427e-02   0.0000000e+00
   5.5200000e+02   1.4705864e-02   0.0000000e+00
   5.6000000e+02   1.4593148e-02   0.0000000e+00
   5.6800000e+02   1.4687862e-02   0.0000000e+00
   5.7600000e+02   1.5824367e-02   0.0000000e+00
   5.8400000e+02   1.5500054e-02   0.0000000e+00
   5.9200000e+02   1.4521275e-02   0.0000000e+00
   6.0000000e+02   1.3876880e-02   0.0000000e+00
   6.0800000e+02   1.3825256e-02   0.0000000e+00
   6.1600000e+02   1.2996319e-02   0.0000000e+00
   6.2400000e+02   1.1159966e-02   0.0000000e+00
   6.3200000e+02   1.0979056e-02   0.0000000e+00
   6.4000000e+02   9.7390792e-03   0.0000000e+00
   6.4800000e+02   7.4136419e-03   0.0000000e+00
   6.5600000e+02   7.9993750e-03   0.0000000e+00
   6.6400000e+02   5.7055971e-03   0.0000000e+00
   6.7200000e+02   4.6961579e-03   0.0000000e+00
   6.8000000e+02   3.4720506e-03   0.0000000e+00
   6.8800000e+02   1.6984884e-03   0.0000000e+00
   6.9600000e+02  -5.8963873e-04   0.0000000e+00
   7.0400000e+02  -1.0324369e-03   0.0000000e+00
   7.1200000e+02  -1.0378879e-03   0.0000000e+00
   7.2000000e+02  -1.8731367e-03   0.0000000e+00
   7.2800000e+02  -4.4843249e-03   0.0000000e+00
   7.3600000e+02  -6.3048105e-03   0.0000000e+00
   7.4400000e+02  -5.9549198e-03   0.0000000e+00
   7.5200000e+02  -7.3309539e-03   0.0000000e+00
   7.6000000e+02  -7.1011165e-03   0.0000000e+00
   7.6800000e+02  -8.3004994e-03   0.0000000e+00
   7.7600000e+02  -9.1163088e-03   0.0000000e+00
   7.8400000e+02  -1.0142143e-02   0.0000000e+00
   7.9200000e+02  -9.0495403e-03   0.0000000e+00
   8.0000000e+02  -1.0339148e-02   0.0000000e+00
   8.0800000e+02  -1.0557036e-02   0.0000000e+00
   8.1600000e+02  -1.0011159e-02   0.0000000e+00
   8.2400000e+02  -1.0356653e-02   0.0000000e+00
   8.3200000e+02  -7.3072021e-03   0.0000000e+00
   8.4000000e+02  -8.4279396e-03   0.0000000e+00
   8.4800000e+02  -7.9567965e-03   0.0000000e+00
   8.5600000e+02  -5.9340378e-03   0.0000000e+00
   8.6400000e+02  -5.5726856e-03   0.0000000e+00
   8.7200000e+02  -4.9927995e-03   0.0000000e+00
   8.8000000e+02  -4.3637442e-03   0.0000000e+00
   8.8800000e+02  -2.5498764e-03   0.0000000e+00
   8.9600000e+02  -2.5277594e-03   0.0000000e+00
   9.0400000e+02  -2.1380979e-03   0.0000000e+00
   9.1200000e+02  -1.3575296e-03   0.0000000e+00
