  -1.2000000e+02   7.1337419e-01   0.0000000e+00
  -1.1200000e+02   7.1320062e-01   0.0000000e+00
  -1.0400000e+02   7.1302709e-01   0.0000000e+00
  -9.6000000e+01   7.1285361e-01   0.0000000e+00
  -8.8000000e+01   7.1268016e-01   0.0000000e+00
  -8.0000000e+01   7.1250676e-01   0.0000000e+00
  -7.2000000e+01   7.1233340e-01   0.0000000e+00
  -6.4000000e+01   7.1216009e-01   0.0000000e+00
  -5.6000000e+01   7.1198681e-01   0.0000000e+00
  -4.8000000e+01   7.1181358e-01   0.0000000e+00
  -4.0000000e+01   7.1164039e-01   0.0000000e+00
  -3.2000000e+01   7.1146724e-01   0.0000000e+00
  -2.4000000e+01   7.1129414e-01   0.0000000e+00
  -1.6000000e+01   7.1112107e-01   0.0000000e+00
  -8.0000000e+00   7.1094805e-01   0.0000000e+00
   0.0000000e+00   7.1077507e-01   0.0000000e+00
   8.0000000e+00   7.1060213e-01   0.0000000e+00
   1.6000000e+01   7.1042924e-01   0.0000000e+00
   2.4000000e+01   7.1025638e-01   0.0000000e+00
   3.2000000e+01   7.1008357e-01   0.0000000e+00
   4.0000000e+01   7.0991080e-01   0.0000000e+00
   4.8000000e+01   7.0973808e-01   0.0000000e+00
   5.6000000e+01   7.0956539e-01   0.0000000e+00
   6.4000000e+01   7.0939275e-01   0.0000000e+00
   7.2000000e+01   7.0922015e-01   0.0000000e+00
   8.0000000e+01   7.0904759e-01   0.0000000e+00
   8.8000000e+01   7.0887507e-01   0.0000000e+00
   9.6000000e+01   7.0870260e-01   0.0000000e+00
   1.0400000e+02   7.0853016e-01   0.0000000e+00
   1.1200000e+02   7.0835777e-01   0.0000000e+00
   1.2000000e+02   7.0818542e-01   0.0000000e+00
   1.2800000e+02   7.0801312e-01   0.0000000e+00
   1.3600000e+02   7.0784085e-01   0.0000000e+00
   1.4400000e+02   7.0766863e-01   0.0000000e+00
   1.5200000e+02   7.0749645e-01   0.0000000e+00
   1.6000000e+02   7.0732431e-01   0.0000000e+00
   1.6800000e+02   7.0715221e-01   0.0000000e+00
   1.7600000e+02   7.0698015e-01   0.0000000e+00
   1.8400000e+02   7.0680814e-01   0.0000000e+00
   1.9200000e+02   7.0663617e-01   0.0000000e+00
   2.0000000e+02   7.0646424e-01   0.0000000e+00
   2.0800000e+02   7.0629235e-01   0.0000000e+00
   2.1600000e+02   7.0612050e-01   0.0000000e+00
   2.2400000e+02   7.0594869e-01   0.0000000e+00
   2.3200000e+02   7.0577693e-01   0.0000000e+00
   2.4000000e+02   7.0560521e-01   0.0000000e+00
   2.4800000e+02   7.0543353e-01   0.0000000e+00
   2.5600000e+02   7.0526189e-01   0.0000000e+00
   2.6400000e+02   7.0509030e-01   0.0000000e+00
   2.7200000e+02   7.0491874e-01   0.0000000e+00
   2.8000000e+02   7.0474723e-01   0.0000000e+00
   2.8800000e+02   7.0457576e-01   0.0000000e+00
   2.9600000e+02   7.0440433e-01   0.0000000e+00
   3.0400000e+02   7.0423294e-01   0.0000000e+00
   3.1200000e+02   7.0406160e-01   0.0000000e+00
   3.2000000e+02   7.0389029e-01   0.0000000e+00
   3.2800000e+02   7.0371903e-01   0.0000000e+00
   3.3600000e+02   7.0354781e-01   0.0000000e+00
   3.4400000e+02   7.0337663e-01   0.0000000e+00
   3.5200000e+02   7.0320549e-01   0.0000000e+00
   3.6000000e+02   7.0303440e-01   0.0000000e+00
   3.6800000e+02   7.0286334e-01   0.0000000e+00
   3.7600000e+02   7.0269233e-01   0.0000000e+00
   3.8400000e+02   7.0252136e-01   0.0000000e+00
   3.9200000e+02   7.0235043e-01   0.0000000e+00
   4.0000000e+02   7.0217954e-01   0.0000000e+00
   4.0800000e+02   7.0200870e-01   0.0000000e+00
   4.1600000e+02   7.0183789e-01   0.0000000e+00
   4.2400000e+02   7.0166713e-01   0.0000000e+00
   4.3200000e+02   7.0149641e-01   0.0000000e+00
   4.4000000e+02   7.0132573e-01   0.0000000e+00
   4.4800000e+02   7.0115509e-01   0.0000000e+00
   4.5600000e+02   7.0098449e-01   0.0000000e+00
   4.6400000e+02   7.0081394e-01   0.0000000e+00
   4.7200000e+02   7.0064343e-01   0.0000000e+00
   4.8000000e+02   7.0047295e-01   0.0000000e+00
   4.8800000e+02   7.0030252e-01   0.0000000e+00
   4.9600000e+02   7.0013213e-01   0.0000000e+00
   5.0400000e+02   6.9996178e-01   0.0000000e+00
   5.1200000e+02   6.9979148e-01   0.0000000e+00
   5.2000000e+02   6.9962121e-01   0.0000000e+00
   5.2800000e+02   6.9945099e-01   0.0000000e+00
   5.3600000e+02   6.9928081e-01   0.0000000e+00
   5.4400000e+02   6.9911067e-01   0.0000000e+00
   5.5200000e+02   6.9894057e-01   0.0000000e+00
   5.6000000e+02   6.9877051e-01   0.0000000e+00
   5.6800000e+02   6.9860049e-01   0.0000000e+00
   5.7600000e+02   6.9843052e-01   0.0000000e+00
   5.8400000e+02   6.9826058e-01   0.0000000e+00
   5.9200000e+02   6.9809069e-01   0.0000000e+00
   6.0000000e+02   6.9792084e-01   0.0000000e+00
   6.0800000e+02   6.9775103e-01   0.0000000e+00
   6.1600000e+02   6.9758126e-01   0.0000000e+00
   6.2400000e+02   6.9741153e-01   0.0000000e+00
   6.3200000e+02   6.9724185e-01   0.0000000e+00
   6.4000000e+02   6.9707220e-01   0.0000000e+00
   6.4800000e+02   6.9690260e-01   0.0000000e+00
   6.5600000e+02   6.9673304e-01   0.0000000e+00
   6.6400000e+02   6.9656352e-01   0.0000000e+00
   6.7200000e+02   6.9639404e-01   0.0000000e+00
   6.8000000e+02   6.9622460e-01   0.0000000e+00
   6.8800000e+02   6.9605520e-01   0.0000000e+00
   6.9600000e+02   6.9588585e-01   0.0000000e+00
   7.0400000e+02   6.9571653e-01   0.0000000e+00
   7.1200000e+02   6.9554726e-01   0.0000000e+00
   7.2000000e+02   6.9537803e-01   0.0000000e+00
   7.2800000e+02   6.9520883e-01   0.0000000e+00
   7.3600000e+02   6.9503968e-01   0.0000000e+00
   7.4400000e+02   6.9487058e-01   0.0000000e+00
   7.5200000e+02   6.9470151e-01   0.0000000e+00
   7.6000000e+02   6.9453248e-01   0.0000000e+00
   7.6800000e+02   6.9436350e-01   0.0000000e+00
   7.7600000e+02   6.9419455e-01   0.0000000e+00
   7.8400000e+02   6.9402565e-01   0.0000000e+00
   7.9200000e+02   6.9385679e-01   0.0000000e+00
   8.0000000e+02   6.9368796e-01   0.0000000e+00
   8.0800000e+02   6.9351918e-01   0.0000000e+00
   8.1600000e+02   6.9335045e-01   0.0000000e+00
   8.2400000e+02   6.9318175e-01   0.0000000e+00
   8.3200000e+02   6.9301309e-01   0.0000000e+00
   8.4000000e+02   6.9284448e-01   0.0000000e+00
   8.4800000e+02   6.9267590e-01   0.0000000e+00
   8.5600000e+02   6.9250737e-01   0.0000000e+00
   8.6400000e+02   6.9233887e-01   0.0000000e+00
   8.7200000e+02   6.9217042e-01   0.0000000e+00
   8.8000000e+02   6.9200201e-01   0.0000000e+00
   8.8800000e+02   6.9183364e-01   0.0000000e+00
   8.9600000e+02   6.9166531e-01   0.0000000e+00
   9.0400000e+02   6.9149702e-01   0.0000000e+00
   9.1200000e+02   6.9132878e-01   0.0000000e+00
