   0.0000000e+00   3.1216420e-02   0.0000000e+00
   8.0000000e+00   3.0375650e-02   0.0000000e+00
   1.6000000e+01   2.7969137e-02   0.0000000e+00
   2.4000000e+01   2.6101453e-02   0.0000000e+00
   3.2000000e+01   2.2543984e-02   0.0000000e+00
   4.0000000e+01   1.8870299e-02   0.0000000e+00
   4.8000000e+01   1.4592349e-02   0.0000000e+00
   5.6000000e+01   1.1120346e-02   0.0000000e+00
   6.4000000e+01   7.6155396e-03   0.0000000e+00
   7.2000000e+01   3.4644967e-03   0.0000000e+00
   8.0000000e+01  -7.6887554e-04   0.0000000e+00
   8.8000000e+01  -2.4613741e-03   0.0000000e+00
   9.6000000e+01  -3.8209528e-03   0.0000000e+00
   1.0400000e+02  -4.4743511e-03   0.0000000e+00
   1.1200000e+02  -5.4734811e-03   0.0000000e+00
   1.2000000e+02  -5.7109859e-03   0.0000000e+00
   1.2800000e+02  -5.4429354e-03   0.0000000e+00
   1.3600000e+02  -5.9262665e-03   0.0000000e+00
   1.4400000e+02  -4.7735579e-03   0.0000000e+00
   1.5200000e+02  -4.5625418e-03   0.0000000e+00
   1.6000000e+02  -3.7598945e-03   0.0000000e+00
   1.6800000e+02  -2.2727191e-03   0.0000000e+00
   1.7600000e+02  -1.0485417e-03   0.0000000e+00
   1.8400000e+02  -2.0521393e-04   0.0000000e+00
   1.9200000e+02   4.5985977e-04   0.0000000e+00
   2.0000000e+02   2.7786651e-04   0.0000000e+00
   2.0800000e+02   7.6548858e-04   0.0000000e+00
   2.1600000e+02   1.3619938e-03   0.0000000e+00
   2.2400000e+02   1.1588205e-03   0.0000000e+00
   2.3200000e+02   4.7436515e-04   0.0000000e+00
   2.4000000e+02   5.1984479e-05   0.0000000e+00
   2.4800000e+02  -2.1482147e-04   0.0000000e+00
   2.5600000e+02   3.9764622e-04   0.0000000e+00
   2.6400000e+02   6.1742918e-05   0.0000000e+00
   2.7200000e+02  -3.1309581e-04   0.0000000e+00
   2.8000000e+02  -1.3252520e-03   0.0000000e+00
   2.8800000e+02  -9.3286644e-04   0.0000000e+00
   2.9600000e+02  -8.5945930e-04   0.0000000e+00
   3.0400000e+02  -6.1588276e-04   0.0000000e+00
   3.1200000e+02  -2.5297871e-04   0.0000000e+00
   3.2000000e+02  -6.6913308e-04   0.0000000e+00
   3.2800000e+02   3.4251316e-04   0.0000000e+00
   3.3600000e+02   8.2104386e-05   0.0000000e+00
   3.4400000e+02   8.9631608e-04   0.0000000e+00
   3.5200000e+02   7.4017421e-04   0.0000000e+00
   3.6000000e+02   2.4180429e-04   0.0000000e+00
   3.6800000e+02   1.0675387e-03   0.0000000e+00
   3.7600000e+02   1.5822470e-03   0.0000000e+00
   3.8400000e+02   1.7753879e-03   0.0000000e+00
   3.9200000e+02   9.4307830e-04   0.0000000e+00
   4.0000000e+02   6.3407414e-04   0.0000000e+00
   4.0800000e+02   4.7382855e-04   0.0000000e+00
   4.1600000e+02   9.6102115e-04   0.0000000e+00
   4.2400000e+02   4.5156828e-04   0.0000000e+00
   4.3200000e+02   1.3227011e-04   0.0000000e+00
   4.4000000e+02  -2.0194031e-04   0.0000000e+00
   4.4800000e+02   1.0560189e-04   0.0000000e+00
   4.5600000e+02  -8.0343130e-04   0.0000000e+00
   4.6400000e+02  -3.6622355e-04   0.0000000e+00
   4.7200000e+02  -7.1209788e-04   0.0000000e+00
   4.8000000e+02  -1.0580998e-03   0.0000000e+00
   4.8800000e+02  -1.3196922e-03   0.0000000e+00
   4.9600000e+02  -1.4254858e-03   0.0000000e+00
   5.0400000e+02  -8.5779078e-04   0.0000000e+00
   5.1200000e+02  -3.5106382e-04   0.0000000e+00
   5.2000000e+02  -1.0051960e-03   0.0000000e+00
   5.2800000e+02  -1.1843532e-03   0.0000000e+00
   5.3600000e+02  -6.9157472e-04   0.0000000e+00
   5.4400000e+02  -3.2469468e-04   0.0000000e+00
   5.5200000e+02   1.5200215e-04   0.0000000e+00
   5.6000000e+02  -6.3120750e-04   0.0000000e+00
   5.6800000e+02   7.4342235e-04   0.0000000e+00
   5.7600000e+02   4.2938742e-04   0.0000000e+00
   5.8400000e+02   1.0241482e-03   0.0000000e+00
   5.9200000e+02   1.1152768e-03   0.0000000e+00
   6.0000000e+02   6.1012087e-04   0.0000000e+00
   6.0800000e+02   5.0613032e-04   0.0000000e+00
   6.1600000e+02   9.2035212e-04   0.0000000e+00
   6.2400000e+02   1.1654485e-03   0.0000000e+00
   6.3200000e+02   3.7601715e-04   0.0000000e+00
   6.4000000e+02   3.7532630e-04   0.0000000e+00
   6.4800000e+02   1.7341528e-04   0.0000000e+00
   6.5600000e+02   3.0158495e-04   0.0000000e+00
   6.6400000e+02   3.0131218e-04   0.0000000e+00
   6.7200000e+02  -5.2389591e-04   0.0000000e+00
   6.8000000e+02  -7.0767704e-05   0.0000000e+00
   6.8800000e+02  -6.0724497e-04   0.0000000e+00
   6.9600000e+02  -4.7677345e-04   0.0000000e+00
   7.0400000e+02  -1.2331911e-04   0.0000000e+00
   7.1200000e+02  -3.7729335e-05   0.0000000e+00
   7.2000000e+02  -3.8575533e-04   0.0000000e+00
   7.2800000e+02   2.5123656e-04   0.0000000e+00
   7.3600000e+02  -1.8537441e-04   0.0000000e+00
   7.4400000e+02  -6.3290268e-04   0.0000000e+00
   7.5200000e+02  -1.1778005e-04   0.0000000e+00
   7.6000000e+02  -4.1866048e-04   0.0000000e+00
   7.6800000e+02  -2.1423860e-06   0.0000000e+00
   7.7600000e+02   1.6740650e-04   0.0000000e+00
   7.8400000e+02  -8.7297448e-05   0.0000000e+00
   7.9200000e+02  -1.2264535e-04   0.0000000e+00
   8.0000000e+02   4.7923348e-04   0.0000000e+00
   8.0800000e+02  -2.7153547e-04   0.0000000e+00
   8.1600000e+02  -1.0072646e-04   0.0000000e+00
   8.2400000e+02  -6.7626480e-05   0.0000000e+00
   8.3200000e+02   1.8772914e-04   0.0000000e+00
   8.4000000e+02  -3.8777188e-04   0.0000000e+00
   8.4800000e+02  -1.1305505e-04   0.0000000e+00
   8.5600000e+02  -2.3924137e-04   0.0000000e+00
   8.6400000e+02   2.4315872e-04   0.0000000e+00
   8.7200000e+02   8.5936960e-06   0.0000000e+00
   8.8000000e+02  -4.8891700e-04   0.0000000e+00
   8.8800000e+02   3.3467539e-04   0.0000000e+00
   8.9600000e+02  -5.7182921e-05   0.0000000e+00
   9.0400000e+02   2.2386498e-04   0.0000000e+00
   9.1200000e+02   5.6837431e-04   0.0000000e+00
