   0.0000000e+00   6.1367539e+05   3.2800122e+03
   8.0000000e+00   6.1003912e+05   2.2697158e+03
   1.6000000e+01   6.1114575e+05   2.6439929e+03
   2.4000000e+01   6.1876903e+05  -1.9988933e+03
   3.2000000e+01   6.2711780e+05   2.2302427e+03
   4.0000000e+01   6.4518600e+05   4.3291445e+02
   4.8000000e+01   6.6289168e+05  -4.0350374e+03
   5.6000000e+01   6.8690063e+05  -2.7605999e+03
   6.4000000e+01   7.2621930e+05  -3.2414890e+03
   7.2000000e+01   7.6052880e+05  -2.6824719e+03
   8.0000000e+01   8.0744452e+05  -4.3910382e+03
   8.8000000e+01   8.5395859e+05  -6.1113670e+03
   9.6000000e+01   9.0471685e+05  -6.2218534e+03
   1.0400000e+02   9.4338072e+05  -5.7582426e+03
   1.1200000e+02   9.7692743e+05  -6.4343748e+03
   1.2000000e+02   9.9743007e+05  -6.6815484e+03
   1.2800000e+02   9.9611904e+05  -6.5754235e+03
   1.3600000e+02   9.8566862e+05  -4.8280884e+03
   1.4400000e+02   9.5466707e+05  -4.1492998e+01
   1.5200000e+02   9.1526669e+05  -2.1306246e+03
   1.6000000e+02   8.6852615e+05  -1.3573823e+03
   1.6800000e+02   8.1628934e+05  -3.2837529e+02
   1.7600000e+02   7.7566238e+05  -1.2677375e+03
   1.8400000e+02   7.3694930e+05   1.2142344e+02
   1.9200000e+02   6.9988481e+05  -8.8610344e+01
   2.0000000e+02   6.7620995e+05  -2.2771185e+03
   2.0800000e+02   6.5257609e+05   2.9214633e+03
   2.1600000e+02   6.3635803e+05   1.6588272e+03
   2.2400000e+02   6.2335164e+05   2.0668994e+03
   2.3200000e+02   6.1994816e+05   2.4766263e+03
   2.4000000e+02   6.1470516e+05   8.0344743e+02
   2.4800000e+02   6.1088615e+05  -1.6856051e+03
   2.5600000e+02   6.1174306e+05  -2.7184275e+02
   2.6400000e+02   6.1124630e+05   1.1657403e+03
   2.7200000e+02   6.1085558e+05   1.0649068e+03
   2.8000000e+02   6.0886105e+05  -5.1359787e+02
   2.8800000e+02   6.0716896e+05   2.4643311e+02
   2.9600000e+02   6.0593051e+05   2.2040567e+03
   3.0400000e+02   6.0594221e+05   2.1451250e+03
   3.1200000e+02   6.0403855e+05   6.2368349e+02
   3.2000000e+02   6.0613665e+05   2.0086845e+03
   3.2800000e+02   6.0269302e+05   1.8771751e+03
   3.3600000e+02   6.0269177e+05   2.3460284e+03
   3.4400000e+02   5.9910812e+05   4.5373755e+03
   3.5200000e+02   5.9896147e+05   9.4241455e+02
   3.6000000e+02   5.9297308e+05   5.6586308e+02
   3.6800000e+02   5.9616822e+05   3.0712230e+03
   3.7600000e+02   5.9082631e+05   5.8301452e+02
   3.8400000e+02   5.9257449e+05   3.2289577e+02
   3.9200000e+02   5.9166626e+05   2.5008763e+03
   4.0000000e+02   5.8884318e+05   6.3493313e+02
   4.0800000e+02   5.8938644e+05   3.1244813e+03
   4.1600000e+02   5.8742057e+05   1.1663931e+03
   4.2400000e+02   5.8894458e+05   2.8023114e+03
   4.3200000e+02   5.8726511e+05   1.6699648e+02
   4.4000000e+02   5.8535259e+05   3.6188672e+03
   4.4800000e+02   5.8615889e+05   1.4557780e+03
   4.5600000e+02   5.8961353e+05   1.6665315e+03
   4.6400000e+02   5.8964807e+05   1.6208422e+03
   4.7200000e+02   5.9229486e+05  -6.8601575e+02
   4.8000000e+02   5.9073108e+05   5.7103652e+03
   4.8800000e+02   5.9822602e+05   4.6639102e+03
   4.9600000e+02   5.9541075e+05   2.4048906e+03
   5.0400000e+02   5.9913825e+05   2.3100432e+03
   5.1200000e+02   6.0219739e+05   4.4888704e+03
   5.2000000e+02   6.0336533e+05   1.6138519e+03
   5.2800000e+02   6.0507631e+05   2.8068492e+03
   5.3600000e+02   6.0941056e+05  -1.0523832e+02
   5.4400000e+02   6.0863241e+05  -1.6055543e+03
   5.5200000e+02   6.1331679e+05   4.7182856e+03
   5.6000000e+02   6.1386406e+05   3.5847710e+03
   5.6800000e+02   6.1494328e+05  -4.7144107e+02
   5.7600000e+02   6.1959168e+05   2.3755007e+03
   5.8400000e+02   6.1795737e+05   2.9387380e+03
   5.9200000e+02   6.2360197e+05   3.5402815e+02
   6.0000000e+02   6.2269637e+05   5.5373694e+03
   6.0800000e+02   6.2550679e+05   3.5444810e+03
   6.1600000e+02   6.2539412e+05   1.0963024e+03
   6.2400000e+02   6.2525852e+05   4.9305178e+03
   6.3200000e+02   6.2647260e+05   2.5405401e+03
   6.4000000e+02   6.2848295e+05   2.2234598e+02
   6.4800000e+02   6.2668930e+05   3.1310391e+03
   6.5600000e+02   6.2708456e+05   2.3261644e+03
   6.6400000e+02   6.2585660e+05   1.3503506e+03
   6.7200000e+02   6.2330505e+05  -6.0028578e+02
   6.8000000e+02   6.2784145e+05  -2.9492673e+03
   6.8800000e+02   6.2591714e+05  -1.2426756e+03
   6.9600000e+02   6.2478410e+05   1.4696883e+03
   7.0400000e+02   6.2239198e+05  -2.0835594e+03
   7.1200000e+02   6.1856693e+05  -1.3565048e+03
   7.2000000e+02   6.1889002e+05   9.3809587e+02
   7.2800000e+02   6.2013524e+05   9.6526906e+02
   7.3600000e+02   6.1792990e+05   2.3142579e+03
   7.4400000e+02   6.1472153e+05   1.2841854e+03
   7.5200000e+02   6.1374734e+05  -7.5480965e+02
   7.6000000e+02   6.1134048e+05  -5.1658837e+01
   7.6800000e+02   6.0889335e+05   2.2239334e+03
   7.7600000e+02   6.0896056e+05  -1.9656889e+02
   7.8400000e+02   6.0883589e+05   2.1999446e+03
   7.9200000e+02   6.0240322e+05   1.1547971e+03
   8.0000000e+02   6.0211893e+05   5.7988949e+02
   8.0800000e+02   6.0189136e+05   8.9287425e+02
   8.1600000e+02   5.9942149e+05   1.8872159e+03
   8.2400000e+02   6.0027487e+05   2.5706657e+03
   8.3200000e+02   5.9633198e+05   1.2634525e+03
   8.4000000e+02   5.9887003e+05   1.3994766e+03
   8.4800000e+02   5.9765077e+05   3.3335088e+03
   8.5600000e+02   5.9561083e+05   3.0871968e+03
   8.6400000e+02   5.9357940e+05   3.7701428e+03
   8.7200000e+02   5.9305509e+05  -1.8936657e+02
   8.8000000e+02   5.9232773e+05   8.4942489e+01
   8.8800000e+02   5.9169637e+05   2.2843967e+03
   8.9600000e+02   5.9180917e+05   1.6452240e+03
   9.0400000e+02   5.9105354e+05   2.3182175e+03
   9.1200000e+02   5.9257426e+05   4.5744382e+03
   9.2000000e+02   5.9401091e+05   1.2653240e+03
   9.2800000e+02   5.9308452e+05  -2.2865855e+03
   9.3600000e+02   5.9409957e+05   1.6240426e+03
   9.4400000e+02   5.9117322e+05   2.4038955e+03
   9.5200000e+02   5.9547837e+05   3.2914046e+03
   9.6000000e+02   5.9658995e+05   1.8562985e+02
   9.6800000e+02   5.9329527e+05  -4.4245874e+02
   9.7600000e+02   5.9636093e+05  -7.1779318e+02
   9.8400000e+02   5.9962566e+05   6.3879055e+02
   9.9200000e+02   5.9973651e+05   1.4765032e+03
   1.0000000e+03   5.9859729e+05   4.4513154e+02
   1.0080000e+03   5.9953425e+05   2.4686701e+03
   1.0160000e+03   6.0101994e+05   8.3259873e+02
   1.0240000e+03   6.0101378e+05  -1.1552997e+03
   1.0320000e+03   6.0719687e+05   1.0260802e+03
