  -1.2000000e+02   9.6943827e-01   0.0000000e+00
  -1.1200000e+02   9.6939461e-01   0.0000000e+00
  -1.0400000e+02   9.6935095e-01   0.0000000e+00
  -9.6000000e+01   9.6930729e-01   0.0000000e+00
  -8.8000000e+01   9.6926364e-01   0.0000000e+00
  -8.0000000e+01   9.6921999e-01   0.0000000e+00
  -7.2000000e+01   9.6917634e-01   0.0000000e+00
  -6.4000000e+01   9.6913269e-01   0.0000000e+00
  -5.6000000e+01   9.6908905e-01   0.0000000e+00
  -4.8000000e+01   9.6904540e-01   0.0000000e+00
  -4.0000000e+01   9.6900176e-01   0.0000000e+00
  -3.2000000e+01   9.6895812e-01   0.0000000e+00
  -2.4000000e+01   9.6891448e-01   0.0000000e+00
  -1.6000000e+01   9.6887085e-01   0.0000000e+00
  -8.0000000e+00   9.6882721e-01   0.0000000e+00
   0.0000000e+00   9.6878358e-01   0.0000000e+00
   8.0000000e+00   9.6873995e-01   0.0000000e+00
   1.6000000e+01   9.6869632e-01   0.0000000e+00
   2.4000000e+01   9.6865269e-01   0.0000000e+00
   3.2000000e+01   9.6860907e-01   0.0000000e+00
   4.0000000e+01   9.6856545e-01   0.0000000e+00
   4.8000000e+01   9.6852183e-01   0.0000000e+00
   5.6000000e+01   9.6847821e-01   0.0000000e+00
   6.4000000e+01   9.6843459e-01   0.0000000e+00
   7.2000000e+01   9.6839098e-01   0.0000000e+00
   8.0000000e+01   9.6834737e-01   0.0000000e+00
   8.8000000e+01   9.6830376e-01   0.0000000e+00
   9.6000000e+01   9.6826015e-01   0.0000000e+00
   1.0400000e+02   9.6821654e-01   0.0000000e+00
   1.1200000e+02   9.6817294e-01   0.0000000e+00
   1.2000000e+02   9.6812933e-01   0.0000000e+00
   1.2800000e+02   9.6808573e-01   0.0000000e+00
   1.3600000e+02   9.6804213e-01   0.0000000e+00
   1.4400000e+02   9.6799854e-01   0.0000000e+00
   1.5200000e+02   9.6795494e-01   0.0000000e+00
   1.6000000e+02   9.6791135e-01   0.0000000e+00
   1.6800000e+02   9.6786776e-01   0.0000000e+00
   1.7600000e+02   9.6782417e-01   0.0000000e+00
   1.8400000e+02   9.6778058e-01   0.0000000e+00
   1.9200000e+02   9.6773700e-01   0.0000000e+00
   2.0000000e+02   9.6769341e-01   0.0000000e+00
   2.0800000e+02   9.6764983e-01   0.0000000e+00
   2.1600000e+02   9.6760625e-01   0.0000000e+00
   2.2400000e+02   9.6756268e-01   0.0000000e+00
   2.3200000e+02   9.6751910e-01   0.0000000e+00
   2.4000000e+02   9.6747553e-01   0.0000000e+00
   2.4800000e+02   9.6743196e-01   0.0000000e+00
   2.5600000e+02   9.6738839e-01   0.0000000e+00
   2.6400000e+02   9.6734482e-01   0.0000000e+00
   2.7200000e+02   9.6730126e-01   0.0000000e+00
   2.8000000e+02   9.6725769e-01   0.0000000e+00
   2.8800000e+02   9.6721413e-01   0.0000000e+00
   2.9600000e+02   9.6717057e-01   0.0000000e+00
   3.0400000e+02   9.6712701e-01   0.0000000e+00
   3.1200000e+02   9.6708346e-01   0.0000000e+00
   3.2000000e+02   9.6703990e-01   0.0000000e+00
   3.2800000e+02   9.6699635e-01   0.0000000e+00
   3.3600000e+02   9.6695280e-01   0.0000000e+00
   3.4400000e+02   9.6690926e-01   0.0000000e+00
   3.5200000e+02   9.6686571e-01   0.0000000e+00
   3.6000000e+02   9.6682217e-01   0.0000000e+00
   3.6800000e+02   9.6677862e-01   0.0000000e+00
   3.7600000e+02   9.6673508e-01   0.0000000e+00
   3.8400000e+02   9.6669155e-01   0.0000000e+00
   3.9200000e+02   9.6664801e-01   0.0000000e+00
   4.0000000e+02   9.6660448e-01   0.0000000e+00
   4.0800000e+02   9.6656094e-01   0.0000000e+00
   4.1600000e+02   9.6651741e-01   0.0000000e+00
   4.2400000e+02   9.6647389e-01   0.0000000e+00
   4.3200000e+02   9.6643036e-01   0.0000000e+00
   4.4000000e+02   9.6638684e-01   0.0000000e+00
   4.4800000e+02   9.6634331e-01   0.0000000e+00
   4.5600000e+02   9.6629979e-01   0.0000000e+00
   4.6400000e+02   9.6625628e-01   0.0000000e+00
   4.7200000e+02   9.6621276e-01   0.0000000e+00
   4.8000000e+02   9.6616924e-01   0.0000000e+00
   4.8800000e+02   9.6612573e-01   0.0000000e+00
   4.9600000e+02   9.6608222e-01   0.0000000e+00
   5.0400000e+02   9.6603871e-01   0.0000000e+00
   5.1200000e+02   9.6599521e-01   0.0000000e+00
   5.2000000e+02   9.6595170e-01   0.0000000e+00
   5.2800000e+02   9.6590820e-01   0.0000000e+00
   5.3600000e+02   9.6586470e-01   0.0000000e+00
   5.4400000e+02   9.6582120e-01   0.0000000e+00
   5.5200000e+02   9.6577770e-01   0.0000000e+00
   5.6000000e+02   9.6573421e-01   0.0000000e+00
   5.6800000e+02   9.6569072e-01   0.0000000e+00
   5.7600000e+02   9.6564722e-01   0.0000000e+00
   5.8400000e+02   9.6560374e-01   0.0000000e+00
   5.9200000e+02   9.6556025e-01   0.0000000e+00
   6.0000000e+02   9.6551676e-01   0.0000000e+00
   6.0800000e+02   9.6547328e-01   0.0000000e+00
   6.1600000e+02   9.6542980e-01   0.0000000e+00
   6.2400000e+02   9.6538632e-01   0.0000000e+00
   6.3200000e+02   9.6534284e-01   0.0000000e+00
   6.4000000e+02   9.6529937e-01   0.0000000e+00
   6.4800000e+02   9.6525589e-01   0.0000000e+00
   6.5600000e+02   9.6521242e-01   0.0000000e+00
   6.6400000e+02   9.6516895e-01   0.0000000e+00
   6.7200000e+02   9.6512549e-01   0.0000000e+00
   6.8000000e+02   9.6508202e-01   0.0000000e+00
   6.8800000e+02   9.6503856e-01   0.0000000e+00
   6.9600000e+02   9.6499510e-01   0.0000000e+00
   7.0400000e+02   9.6495164e-01   0.0000000e+00
   7.1200000e+02   9.6490818e-01   0.0000000e+00
   7.2000000e+02   9.6486472e-01   0.0000000e+00
   7.2800000e+02   9.6482127e-01   0.0000000e+00
   7.3600000e+02   9.6477782e-01   0.0000000e+00
   7.4400000e+02   9.6473437e-01   0.0000000e+00
   7.5200000e+02   9.6469092e-01   0.0000000e+00
   7.6000000e+02   9.6464747e-01   0.0000000e+00
   7.6800000e+02   9.6460403e-01   0.0000000e+00
   7.7600000e+02   9.6456059e-01   0.0000000e+00
   7.8400000e+02   9.6451715e-01   0.0000000e+00
   7.9200000e+02   9.6447371e-01   0.0000000e+00
   8.0000000e+02   9.6443027e-01   0.0000000e+00
   8.0800000e+02   9.6438684e-01   0.0000000e+00
   8.1600000e+02   9.6434341e-01   0.0000000e+00
   8.2400000e+02   9.6429998e-01   0.0000000e+00
   8.3200000e+02   9.6425655e-01   0.0000000e+00
   8.4000000e+02   9.6421312e-01   0.0000000e+00
   8.4800000e+02   9.6416970e-01   0.0000000e+00
   8.5600000e+02   9.6412628e-01   0.0000000e+00
   8.6400000e+02   9.6408286e-01   0.0000000e+00
   8.7200000e+02   9.6403944e-01   0.0000000e+00
   8.8000000e+02   9.6399602e-01   0.0000000e+00
   8.8800000e+02   9.6395261e-01   0.0000000e+00
   8.9600000e+02   9.6390919e-01   0.0000000e+00
   9.0400000e+02   9.6386578e-01   0.0000000e+00
   9.1200000e+02   9.6382238e-01   0.0000000e+00
