   0.0000000e+00   1.9253772e+06   8.1371775e+03
   8.0000000e+00   1.9177876e+06   2.1817288e+03
   1.6000000e+01   1.9195112e+06  -5.3847012e+03
   2.4000000e+01   1.9434478e+06   6.5141077e+03
   3.2000000e+01   1.9791695e+06  -4.1848438e+03
   4.0000000e+01   2.0175317e+06   1.8552954e+03
   4.8000000e+01   2.0789271e+06  -8.0725908e+03
   5.6000000e+01   2.1530936e+06  -3.0024236e+03
   6.4000000e+01   2.2469270e+06  -1.7076525e+04
   7.2000000e+01   2.3770126e+06  -1.3479128e+04
   8.0000000e+01   2.5011241e+06  -1.8356639e+04
   8.8000000e+01   2.6364256e+06  -2.6824933e+04
   9.6000000e+01   2.7780095e+06  -1.3895355e+04
   1.0400000e+02   2.9044419e+06  -2.5846700e+04
   1.1200000e+02   2.9844883e+06  -2.0370022e+04
   1.2000000e+02   3.0349830e+06  -2.7752247e+04
   1.2800000e+02   3.0440933e+06  -2.5047572e+04
   1.3600000e+02   3.0031508e+06  -2.4353823e+04
   1.4400000e+02   2.9066561e+06  -6.2523504e+03
   1.5200000e+02   2.8085001e+06  -1.0441773e+04
   1.6000000e+02   2.6705039e+06  -6.6320450e+03
   1.6800000e+02   2.5319608e+06  -5.8551321e+03
   1.7600000e+02   2.4072864e+06   2.8680584e+03
   1.8400000e+02   2.2699485e+06   1.3534207e+03
   1.9200000e+02   2.1885162e+06  -5.9019133e+03
   2.0000000e+02   2.1045224e+06  -3.4507615e+03
   2.0800000e+02   2.0369315e+06  -5.6522544e+03
   2.1600000e+02   2.0090599e+06  -2.9101808e+03
   2.2400000e+02   1.9794110e+06  -5.6051249e+03
   2.3200000e+02   1.9452446e+06  -1.5916893e+03
   2.4000000e+02   1.9363386e+06  -4.4383834e+03
   2.4800000e+02   1.9093065e+06   6.2237801e+03
   2.5600000e+02   1.9078754e+06   8.8432218e+03
   2.6400000e+02   1.9063025e+06   1.2601584e+03
   2.7200000e+02   1.9109400e+06  -1.6776130e+03
   2.8000000e+02   1.9145582e+06   4.3033742e+03
   2.8800000e+02   1.9043802e+06   6.0318481e+03
   2.9600000e+02   1.9079853e+06  -1.4284397e+03
   3.0400000e+02   1.9077299e+06   1.1271942e+04
   3.1200000e+02   1.9016785e+06  -3.8798563e+02
   3.2000000e+02   1.9058605e+06   8.8351560e+03
   3.2800000e+02   1.8766618e+06   5.5830310e+03
   3.3600000e+02   1.8802531e+06   5.4781744e+03
   3.4400000e+02   1.8820633e+06   7.9899059e+03
   3.5200000e+02   1.8778751e+06  -4.2200190e+02
   3.6000000e+02   1.8722086e+06   1.3660231e+02
   3.6800000e+02   1.8657248e+06  -2.2114253e+03
   3.7600000e+02   1.8695330e+06   2.9799969e+03
   3.8400000e+02   1.8664596e+06  -4.6229221e+03
   3.9200000e+02   1.8496270e+06   4.9385465e+03
   4.0000000e+02   1.8467749e+06  -9.2339256e+03
   4.0800000e+02   1.8625928e+06   5.0481170e+03
   4.1600000e+02   1.8501841e+06  -5.7644369e+03
   4.2400000e+02   1.8486469e+06   3.3693821e+03
   4.3200000e+02   1.8607228e+06   2.7098372e+03
   4.4000000e+02   1.8481616e+06   8.2001293e+03
   4.4800000e+02   1.8519333e+06  -8.1293740e+02
   4.5600000e+02   1.8463361e+06  -2.4477871e+03
   4.6400000e+02   1.8603658e+06   1.1072321e+04
   4.7200000e+02   1.8754440e+06   2.4985739e+03
   4.8000000e+02   1.8555912e+06   3.6655164e+03
   4.8800000e+02   1.8633477e+06   8.7884036e+03
   4.9600000e+02   1.8712936e+06   1.2978137e+04
   5.0400000e+02   1.8950977e+06   1.3684113e+04
   5.1200000e+02   1.8796385e+06   6.8727048e+03
   5.2000000e+02   1.8937755e+06   3.2785898e+03
   5.2800000e+02   1.9075990e+06   4.7379332e+03
   5.3600000e+02   1.9122590e+06   1.0983371e+04
   5.4400000e+02   1.9148768e+06   3.7255688e+03
   5.5200000e+02   1.9194977e+06  -1.6224872e+03
   5.6000000e+02   1.9192642e+06   3.3520448e+03
   5.6800000e+02   1.9329327e+06   3.4147987e+03
   5.7600000e+02   1.9427126e+06   6.1672288e+03
   5.8400000e+02   1.9446672e+06   2.1569303e+04
   5.9200000e+02   1.9516138e+06  -2.2714405e+03
   6.0000000e+02   1.9446607e+06   1.1467442e+04
   6.0800000e+02   1.9447101e+06  -8.9772846e+03
   6.1600000e+02   1.9496466e+06   8.4653516e+03
   6.2400000e+02   1.9583918e+06   2.5759524e+03
   6.3200000e+02   1.9557895e+06   3.7729890e+03
   6.4000000e+02   1.9608438e+06  -3.8172429e+03
   6.4800000e+02   1.9664561e+06   8.6529592e+03
   6.5600000e+02   1.9593625e+06   1.4850201e+04
   6.6400000e+02   1.9545521e+06   2.0286614e+04
   6.7200000e+02   1.9561230e+06   1.0377115e+04
   6.8000000e+02   1.9533734e+06  -1.9166173e+03
   6.8800000e+02   1.9516868e+06   1.5006428e+04
   6.9600000e+02   1.9515412e+06  -1.3142499e+03
   7.0400000e+02   1.9513042e+06   4.6581003e+03
   7.1200000e+02   1.9455951e+06  -4.5572608e+03
   7.2000000e+02   1.9409458e+06  -3.4003837e+03
   7.2800000e+02   1.9389515e+06  -2.6861460e+03
   7.3600000e+02   1.9270524e+06  -2.6180154e+03
   7.4400000e+02   1.9222732e+06   5.3930341e+03
   7.5200000e+02   1.9231085e+06   4.5061124e+02
   7.6000000e+02   1.9121318e+06   2.4208741e+03
   7.6800000e+02   1.9149424e+06  -4.4273477e+03
   7.7600000e+02   1.9081780e+06   1.4680815e+04
   7.8400000e+02   1.9051077e+06   1.2913870e+04
   7.9200000e+02   1.9059094e+06   6.3623939e+03
   8.0000000e+02   1.8975716e+06   1.1065837e+04
   8.0800000e+02   1.8841663e+06   7.6906518e+02
   8.1600000e+02   1.8713017e+06   1.2008004e+04
   8.2400000e+02   1.8820869e+06   3.6380743e+03
   8.3200000e+02   1.8724652e+06   4.4145377e+03
   8.4000000e+02   1.8693164e+06   9.4305647e+03
   8.4800000e+02   1.8790942e+06  -7.9705267e+03
   8.5600000e+02   1.8682350e+06   1.6060915e+04
   8.6400000e+02   1.8718111e+06   1.4109176e+04
   8.7200000e+02   1.8655683e+06   1.2223397e+04
   8.8000000e+02   1.8794775e+06  -8.2167372e+02
   8.8800000e+02   1.8580072e+06   5.5650819e+03
   8.9600000e+02   1.8566605e+06   1.4168449e+04
   9.0400000e+02   1.8702817e+06   1.0906721e+04
   9.1200000e+02   1.8574524e+06   1.0194500e+04
   9.2000000e+02   1.8701485e+06   4.9706252e+03
   9.2800000e+02   1.8697422e+06   5.8420520e+03
   9.3600000e+02   1.8740983e+06   1.0974281e+04
   9.4400000e+02   1.8722784e+06   8.6884792e+03
   9.5200000e+02   1.8675614e+06  -9.6288215e+02
   9.6000000e+02   1.8709744e+06  -6.2632344e+03
   9.6800000e+02   1.8740451e+06   1.1829173e+04
   9.7600000e+02   1.8750556e+06  -5.2625563e+03
   9.8400000e+02   1.8731812e+06   5.6462220e+03
   9.9200000e+02   1.8817963e+06   7.1484205e+03
   1.0000000e+03   1.8812975e+06   1.3525409e+04
   1.0080000e+03   1.8859351e+06  -3.0628335e+03
   1.0160000e+03   1.8826304e+06   5.3050699e+03
   1.0240000e+03   1.8903701e+06  -5.5845407e+03
   1.0320000e+03   1.8903480e+06   1.6181541e+04
   1.0400000e+03   1.8986692e+06   5.7438533e+03
   1.0480000e+03   1.8976879e+06   2.9070913e+03
   1.0560000e+03   1.9149910e+06  -1.3082442e+01
   1.0640000e+03   1.9131597e+06   5.4621406e+03
   1.0720000e+03   1.9056782e+06   3.0905733e+03
   1.0800000e+03   1.9090097e+06  -1.2306403e+03
   1.0880000e+03   1.9057946e+06  -8.1159057e+03
   1.0960000e+03   1.9102056e+06   9.4310063e+03
   1.1040000e+03   1.9103708e+06   1.8371115e+02
   1.1120000e+03   1.9116001e+06  -7.4572048e+03
   1.1200000e+03   1.9029639e+06  -1.4998245e+03
   1.1280000e+03   1.9050190e+06  -1.6158603e+02
   1.1360000e+03   1.9061207e+06   1.3297590e+04
   1.1440000e+03   1.9142025e+06   1.5597317e+03
   1.1520000e+03   1.8999903e+06   1.3278557e+04
   1.1600000e+03   1.8986731e+06  -2.2123360e+03
   1.1680000e+03   1.9097937e+06   7.5003503e+03
   1.1760000e+03   1.9065046e+06   6.6321893e+03
   1.1840000e+03   1.9109177e+06   2.8991057e+03
   1.1920000e+03   1.9010603e+06  -6.2445622e+02
   1.2000000e+03   1.9063805e+06   7.0166842e+03
   1.2080000e+03   1.8980346e+06   3.5732294e+03
   1.2160000e+03   1.8944935e+06   2.9179080e+03
   1.2240000e+03   1.8915978e+06  -6.7431220e+03
   1.2320000e+03   1.8913293e+06   7.6661937e+03
   1.2400000e+03   1.8916524e+06   5.7419096e+03
   1.2480000e+03   1.8928999e+06  -2.3829114e+03
   1.2560000e+03   1.8977660e+06  -1.0832791e+03
   1.2640000e+03   1.8813201e+06  -1.7354413e+03
   1.2720000e+03   1.8710358e+06   1.0260333e+04
   1.2800000e+03   1.8706071e+06   9.4714149e+03
   1.2880000e+03   1.8714833e+06   5.9073277e+03
   1.2960000e+03   1.8747826e+06   9.8373012e+03
   1.3040000e+03   1.8703832e+06   1.4398827e+04
   1.3120000e+03   1.8689194e+06   4.2689573e+03
   1.3200000e+03   1.8799782e+06  -5.6297357e+02
   1.3280000e+03   1.8643632e+06  -1.3803469e+02
   1.3360000e+03   1.8576778e+06   5.2187353e+03
   1.3440000e+03   1.8651505e+06   8.0461919e+03
   1.3520000e+03   1.8640215e+06   2.4005474e+02
   1.3600000e+03   1.8604730e+06   1.0892113e+03
   1.3680000e+03   1.8578705e+06   3.0004922e+03
   1.3760000e+03   1.8568333e+06  -2.2377856e+03
   1.3840000e+03   1.8574350e+06  -2.3221968e+03
   1.3920000e+03   1.8695025e+06   1.0424406e+04
   1.4000000e+03   1.8530782e+06  -7.2192990e+03
   1.4080000e+03   1.8641349e+06   6.7486072e+03
   1.4160000e+03   1.8629606e+06   4.3531289e+03
   1.4240000e+03   1.8688851e+06   4.2350621e+03
   1.4320000e+03   1.8788397e+06   2.6825479e+03
   1.4400000e+03   1.8665155e+06  -8.3818906e+02
   1.4480000e+03   1.8739904e+06  -1.7859357e+03
   1.4560000e+03   1.8625668e+06   2.7703279e+03
   1.4640000e+03   1.8619674e+06   6.1947731e+01
   1.4720000e+03   1.8714292e+06   6.4468848e+03
   1.4800000e+03   1.8702711e+06   1.1307181e+03
   1.4880000e+03   1.8668815e+06   1.3925588e+04
   1.4960000e+03   1.8769655e+06   7.4215297e+03
   1.5040000e+03   1.8688171e+06   1.1381675e+04
   1.5120000e+03   1.8730142e+06   3.1116386e+03
   1.5200000e+03   1.8765860e+06  -3.5488880e+03
   1.5280000e+03   1.8771059e+06   2.5553146e+03
   1.5360000e+03   1.8679922e+06  -7.2419819e+03
   1.5440000e+03   1.8688714e+06  -1.8379821e+03
   1.5520000e+03   1.8737633e+06  -2.7256422e+03
   1.5600000e+03   1.8708264e+06  -7.4696367e+03
   1.5680000e+03   1.8793742e+06   6.3443740e+03
   1.5760000e+03   1.8769225e+06  -5.2052412e+03
   1.5840000e+03   1.8665046e+06   1.1043334e+04
   1.5920000e+03   1.8701625e+06  -6.0342450e+03
   1.6000000e+03   1.8765262e+06  -2.5138199e+02
   1.6080000e+03   1.8744100e+06  -3.6872733e+03
   1.6160000e+03   1.8722526e+06  -1.0767213e+02
   1.6240000e+03   1.8702551e+06  -7.8921517e+00
   1.6320000e+03   1.8759141e+06  -6.5525316e+01
   1.6400000e+03   1.8759076e+06  -8.1412692e+03
   1.6480000e+03   1.8782767e+06   3.3629776e+03
   1.6560000e+03   1.8731724e+06  -4.3208211e+03
   1.6640000e+03   1.8739292e+06   7.4263303e+03
   1.6720000e+03   1.8610440e+06   4.4693131e+03
   1.6800000e+03   1.8601474e+06  -1.0967634e+03
   1.6880000e+03   1.8672444e+06  -1.7393298e+03
   1.6960000e+03   1.8632178e+06   1.3361683e+03
   1.7040000e+03   1.8629640e+06  -1.0761242e+04
   1.7120000e+03   1.8639305e+06  -5.2576817e+02
   1.7200000e+03   1.8609393e+06   7.7690933e+03
   1.7280000e+03   1.8698346e+06   6.7061920e+03
   1.7360000e+03   1.8514726e+06  -5.1025872e+03
   1.7440000e+03   1.8565731e+06  -5.0733707e+02
   1.7520000e+03   1.8631846e+06   4.1817840e+02
   1.7600000e+03   1.8548902e+06  -2.0095852e+03
   1.7680000e+03   1.8476232e+06   2.2292751e+03
   1.7760000e+03   1.8547626e+06   6.2095064e+03
   1.7840000e+03   1.8521040e+06   2.2878460e+03
   1.7920000e+03   1.8415281e+06  -1.0954559e+02
   1.8000000e+03   1.8406009e+06  -7.3161046e+03
   1.8080000e+03   1.8478528e+06   1.8548328e+03
   1.8160000e+03   1.8623865e+06  -2.5836887e+03
   1.8240000e+03   1.8499305e+06   1.8136623e+02
   1.8320000e+03   1.8385329e+06  -8.9273462e+03
   1.8400000e+03   1.8447111e+06  -2.2026547e+03
   1.8480000e+03   1.8569087e+06  -9.0847540e+03
   1.8560000e+03   1.8506736e+06  -2.3223322e+03
   1.8640000e+03   1.8434252e+06   6.0473608e+03
   1.8720000e+03   1.8526170e+06  -7.2133333e+02
   1.8800000e+03   1.8449278e+06  -1.8887833e+03
   1.8880000e+03   1.8495882e+06  -4.6268388e+03
   1.8960000e+03   1.8547511e+06  -1.1752266e+04
   1.9040000e+03   1.8614185e+06  -1.8094564e+03
   1.9120000e+03   1.8457875e+06  -3.5155893e+03
   1.9200000e+03   1.8474707e+06  -9.0236820e+02
   1.9280000e+03   1.8467942e+06  -5.9188304e+03
   1.9360000e+03   1.8578011e+06   7.3677290e+03
   1.9440000e+03   1.8534098e+06   1.0939021e+04
   1.9520000e+03   1.8594235e+06  -1.4306532e+03
   1.9600000e+03   1.8593195e+06  -5.7512486e+03
   1.9680000e+03   1.8588285e+06  -3.8280594e+03
   1.9760000e+03   1.8481423e+06  -8.3455275e+03
   1.9840000e+03   1.8581160e+06   1.4241823e+04
   1.9920000e+03   1.8619494e+06   1.8245905e+03
   2.0000000e+03   1.8629154e+06  -1.0006231e+04
   2.0080000e+03   1.8718322e+06  -6.6864390e+03
   2.0160000e+03   1.8521386e+06  -2.5813584e+03
   2.0240000e+03   1.8667128e+06  -4.1156393e+03
   2.0320000e+03   1.8630364e+06  -1.5918258e+03
   2.0400000e+03   1.8679331e+06  -7.4724170e+03
   2.0480000e+03   1.8701254e+06  -1.1255241e+04
   2.0560000e+03   1.8699187e+06  -1.2624811e+04
   2.0640000e+03   1.8642697e+06  -6.4164375e+03
   2.0720000e+03   1.8765175e+06  -5.0170087e+03
   2.0800000e+03   1.8700476e+06  -3.4426890e+03
   2.0880000e+03   1.8592377e+06  -1.1273359e+04
   2.0960000e+03   1.8634950e+06  -1.5723915e+04
   2.1040000e+03   1.8620444e+06   5.7496181e+02
   2.1120000e+03   1.8580548e+06   5.3586364e+03
   2.1200000e+03   1.8545438e+06   3.1936706e+03
   2.1280000e+03   1.8623003e+06  -7.9627323e+03
   2.1360000e+03   1.8635839e+06  -2.5942275e+03
   2.1440000e+03   1.8520401e+06  -4.5760022e+03
   2.1520000e+03   1.8442565e+06  -8.2637079e+02
   2.1600000e+03   1.8428526e+06  -1.0031755e+04
   2.1680000e+03   1.8392233e+06  -1.3249247e+04
   2.1760000e+03   1.8359966e+06  -2.0109294e+04
   2.1840000e+03   1.8340133e+06  -1.8171592e+04
   2.1920000e+03   1.8257210e+06  -2.3467473e+04
   2.2000000e+03   1.8405800e+06  -1.1459784e+04
   2.2080000e+03   1.8258465e+06  -5.9444737e+03
   2.2160000e+03   1.8244130e+06  -4.4358153e+03
   2.2240000e+03   1.8256800e+06  -1.7283740e+04
   2.2320000e+03   1.8244712e+06  -3.3705388e+03
