   0.0000000e+00   1.2799079e-01   0.0000000e+00
   8.0000000e+00   1.2798864e-01   0.0000000e+00
   1.6000000e+01   1.2579520e-01   0.0000000e+00
   2.4000000e+01   1.2142524e-01   0.0000000e+00
   3.2000000e+01   1.1335650e-01   0.0000000e+00
   4.0000000e+01   1.0330736e-01   0.0000000e+00
   4.8000000e+01   8.9741640e-02   0.0000000e+00
   5.6000000e+01   7.4315645e-02   0.0000000e+00
   6.4000000e+01   5.4764118e-02   0.0000000e+00
   7.2000000e+01   3.7078584e-02   0.0000000e+00
   8.0000000e+01   1.5346166e-02   0.0000000e+00
   8.8000000e+01  -2.6965003e-03   0.0000000e+00
   9.6000000e+01  -1.8450203e-02   0.0000000e+00
   1.0400000e+02  -3.0567282e-02   0.0000000e+00
   1.1200000e+02  -3.9179355e-02   0.0000000e+00
   1.2000000e+02  -4.5156818e-02   0.0000000e+00
   1.2800000e+02  -4.6886001e-02   0.0000000e+00
   1.3600000e+02  -4.3280414e-02   0.0000000e+00
   1.4400000e+02  -4.4930913e-02   0.0000000e+00
   1.5200000e+02  -3.6521221e-02   0.0000000e+00
   1.6000000e+02  -2.8382387e-02   0.0000000e+00
   1.6800000e+02  -2.4817535e-02   0.0000000e+00
   1.7600000e+02  -1.9177402e-02   0.0000000e+00
   1.8400000e+02  -1.3792853e-02   0.0000000e+00
   1.9200000e+02  -1.2145121e-02   0.0000000e+00
   2.0000000e+02  -3.6597634e-03   0.0000000e+00
   2.0800000e+02  -1.9683398e-03   0.0000000e+00
   2.1600000e+02  -9.5084556e-04   0.0000000e+00
   2.2400000e+02   1.5412883e-03   0.0000000e+00
   2.3200000e+02   1.8517468e-03   0.0000000e+00
   2.4000000e+02   1.5460973e-03   0.0000000e+00
   2.4800000e+02   4.8439207e-03   0.0000000e+00
   2.5600000e+02   2.6147952e-03   0.0000000e+00
   2.6400000e+02   4.6254534e-03   0.0000000e+00
   2.7200000e+02   2.2274539e-03   0.0000000e+00
   2.8000000e+02   5.3532626e-03   0.0000000e+00
   2.8800000e+02   1.6775933e-03   0.0000000e+00
   2.9600000e+02   2.8278899e-03   0.0000000e+00
   3.0400000e+02   1.7835548e-03   0.0000000e+00
   3.1200000e+02   3.4085936e-03   0.0000000e+00
   3.2000000e+02   1.4501867e-03   0.0000000e+00
   3.2800000e+02   2.9777119e-03   0.0000000e+00
   3.3600000e+02   1.5827595e-03   0.0000000e+00
   3.4400000e+02   2.1353777e-03   0.0000000e+00
   3.5200000e+02   1.7350518e-03   0.0000000e+00
   3.6000000e+02   7.4623691e-04   0.0000000e+00
   3.6800000e+02   1.1036755e-03   0.0000000e+00
   3.7600000e+02   2.9599615e-03   0.0000000e+00
   3.8400000e+02   5.0641330e-03   0.0000000e+00
   3.9200000e+02   2.0317202e-03   0.0000000e+00
   4.0000000e+02   9.1750094e-04   0.0000000e+00
   4.0800000e+02  -2.2794286e-04   0.0000000e+00
   4.1600000e+02  -2.2883136e-04   0.0000000e+00
   4.2400000e+02  -1.6517700e-03   0.0000000e+00
   4.3200000e+02  -2.1361466e-03   0.0000000e+00
   4.4000000e+02  -2.7924752e-03   0.0000000e+00
   4.4800000e+02  -4.3675208e-03   0.0000000e+00
   4.5600000e+02  -5.3618936e-03   0.0000000e+00
   4.6400000e+02  -4.8084636e-03   0.0000000e+00
   4.7200000e+02  -7.8399296e-03   0.0000000e+00
   4.8000000e+02  -7.6893149e-03   0.0000000e+00
   4.8800000e+02  -5.9190181e-03   0.0000000e+00
   4.9600000e+02  -7.2095749e-03   0.0000000e+00
   5.0400000e+02  -6.4408175e-03   0.0000000e+00
   5.1200000e+02  -8.4727382e-03   0.0000000e+00
   5.2000000e+02  -5.2365835e-03   0.0000000e+00
   5.2800000e+02  -6.7238117e-03   0.0000000e+00
   5.3600000e+02  -6.5099836e-03   0.0000000e+00
   5.4400000e+02  -4.1714365e-03   0.0000000e+00
   5.5200000e+02  -3.2670118e-04   0.0000000e+00
   5.6000000e+02  -1.1565592e-03   0.0000000e+00
   5.6800000e+02  -9.5586428e-05   0.0000000e+00
   5.7600000e+02   7.1152873e-04   0.0000000e+00
   5.8400000e+02  -4.4679594e-04   0.0000000e+00
   5.9200000e+02   2.1442561e-03   0.0000000e+00
   6.0000000e+02   4.3670638e-03   0.0000000e+00
   6.0800000e+02   4.8378489e-03   0.0000000e+00
   6.1600000e+02   2.2332078e-03   0.0000000e+00
   6.2400000e+02   2.9322745e-03   0.0000000e+00
   6.3200000e+02   4.8142488e-03   0.0000000e+00
   6.4000000e+02   3.3224045e-03   0.0000000e+00
   6.4800000e+02   3.6111606e-03   0.0000000e+00
   6.5600000e+02  -7.6136954e-05   0.0000000e+00
   6.6400000e+02  -2.6066587e-04   0.0000000e+00
   6.7200000e+02   2.1365593e-03   0.0000000e+00
   6.8000000e+02   8.9574314e-04   0.0000000e+00
   6.8800000e+02   1.0273387e-03   0.0000000e+00
   6.9600000e+02   1.8300697e-03   0.0000000e+00
   7.0400000e+02   4.1784363e-04   0.0000000e+00
   7.1200000e+02   1.2706285e-03   0.0000000e+00
   7.2000000e+02   2.1080190e-03   0.0000000e+00
   7.2800000e+02   1.8492414e-03   0.0000000e+00
   7.3600000e+02   1.8495764e-03   0.0000000e+00
   7.4400000e+02  -6.0782979e-04   0.0000000e+00
   7.5200000e+02   2.7853963e-03   0.0000000e+00
   7.6000000e+02  -2.2645269e-03   0.0000000e+00
   7.6800000e+02   1.1220967e-03   0.0000000e+00
   7.7600000e+02  -2.3952461e-04   0.0000000e+00
   7.8400000e+02  -2.1169324e-03   0.0000000e+00
   7.9200000e+02  -8.9487940e-04   0.0000000e+00
   8.0000000e+02   5.5549584e-04   0.0000000e+00
   8.0800000e+02   1.1731973e-03   0.0000000e+00
   8.1600000e+02   6.5607601e-04   0.0000000e+00
   8.2400000e+02  -3.2872039e-03   0.0000000e+00
   8.3200000e+02   1.3349673e-04   0.0000000e+00
   8.4000000e+02  -1.0964774e-03   0.0000000e+00
   8.4800000e+02   3.7934452e-04   0.0000000e+00
   8.5600000e+02  -1.2589623e-03   0.0000000e+00
   8.6400000e+02   2.1578613e-03   0.0000000e+00
   8.7200000e+02   9.2217412e-04   0.0000000e+00
   8.8000000e+02   2.7616586e-04   0.0000000e+00
   8.8800000e+02   4.1109106e-04   0.0000000e+00
   8.9600000e+02   1.5290064e-03   0.0000000e+00
   9.0400000e+02   2.0387300e-03   0.0000000e+00
   9.1200000e+02  -4.8405919e-05   0.0000000e+00
