   0.0000000e+00   3.6951225e-01   0.0000000e+00
   8.0000000e+00   3.7147653e-01   0.0000000e+00
   1.6000000e+01   3.6298614e-01   0.0000000e+00
   2.4000000e+01   3.4191965e-01   0.0000000e+00
   3.2000000e+01   3.1900382e-01   0.0000000e+00
   4.0000000e+01   2.8390202e-01   0.0000000e+00
   4.8000000e+01   2.4481173e-01   0.0000000e+00
   5.6000000e+01   2.0579793e-01   0.0000000e+00
   6.4000000e+01   1.5785027e-01   0.0000000e+00
   7.2000000e+01   1.2662230e-01   0.0000000e+00
   8.0000000e+01   9.1876605e-02   0.0000000e+00
   8.8000000e+01   6.1858054e-02   0.0000000e+00
   9.6000000e+01   4.8960316e-02   0.0000000e+00
   1.0400000e+02   3.4833814e-02   0.0000000e+00
   1.1200000e+02   1.8002430e-02   0.0000000e+00
   1.2000000e+02   1.3607279e-02   0.0000000e+00
   1.2800000e+02  -2.3504000e-04   0.0000000e+00
   1.3600000e+02  -8.6216715e-04   0.0000000e+00
   1.4400000e+02  -1.5646697e-03   0.0000000e+00
   1.5200000e+02   9.8886415e-04   0.0000000e+00
   1.6000000e+02   2.9995306e-03   0.0000000e+00
   1.6800000e+02  -2.2056046e-03   0.0000000e+00
   1.7600000e+02  -1.8883997e-04   0.0000000e+00
   1.8400000e+02  -1.9962709e-04   0.0000000e+00
   1.9200000e+02  -3.2589162e-03   0.0000000e+00
   2.0000000e+02  -9.3427763e-04   0.0000000e+00
   2.0800000e+02  -1.6382565e-02   0.0000000e+00
   2.1600000e+02  -1.4316463e-02   0.0000000e+00
   2.2400000e+02  -1.3216161e-02   0.0000000e+00
   2.3200000e+02  -1.5350930e-02   0.0000000e+00
   2.4000000e+02  -1.8298735e-02   0.0000000e+00
   2.4800000e+02  -2.1711760e-02   0.0000000e+00
   2.5600000e+02  -1.9505075e-02   0.0000000e+00
   2.6400000e+02  -2.1058201e-02   0.0000000e+00
   2.7200000e+02  -3.0223537e-02   0.0000000e+00
   2.8000000e+02  -3.1687623e-02   0.0000000e+00
   2.8800000e+02  -2.2800227e-02   0.0000000e+00
   2.9600000e+02  -2.9533166e-02   0.0000000e+00
   3.0400000e+02  -3.0262445e-02   0.0000000e+00
   3.1200000e+02  -2.3450209e-02   0.0000000e+00
   3.2000000e+02  -3.0279358e-02   0.0000000e+00
   3.2800000e+02  -2.8054528e-02   0.0000000e+00
   3.3600000e+02  -3.1044167e-02   0.0000000e+00
   3.4400000e+02  -2.3142798e-02   0.0000000e+00
   3.5200000e+02  -1.4792008e-02   0.0000000e+00
   3.6000000e+02  -2.5522938e-02   0.0000000e+00
   3.6800000e+02  -2.1128358e-02   0.0000000e+00
   3.7600000e+02  -1.6667313e-02   0.0000000e+00
   3.8400000e+02  -3.7735415e-03   0.0000000e+00
   3.9200000e+02  -1.1904591e-02   0.0000000e+00
   4.0000000e+02  -4.2271493e-03   0.0000000e+00
   4.0800000e+02   3.1727436e-03   0.0000000e+00
   4.1600000e+02   5.7242614e-03   0.0000000e+00
   4.2400000e+02   7.2057527e-03   0.0000000e+00
   4.3200000e+02   9.7176392e-03   0.0000000e+00
   4.4000000e+02   9.7190154e-03   0.0000000e+00
   4.4800000e+02   1.6842666e-02   0.0000000e+00
   4.5600000e+02   2.1912411e-02   0.0000000e+00
   4.6400000e+02   2.3015762e-02   0.0000000e+00
   4.7200000e+02   2.6613055e-02   0.0000000e+00
   4.8000000e+02   2.3252944e-02   0.0000000e+00
   4.8800000e+02   2.3397968e-02   0.0000000e+00
   4.9600000e+02   2.5990590e-02   0.0000000e+00
   5.0400000e+02   3.0459340e-02   0.0000000e+00
   5.1200000e+02   2.9288802e-02   0.0000000e+00
   5.2000000e+02   3.1910091e-02   0.0000000e+00
   5.2800000e+02   3.4791794e-02   0.0000000e+00
   5.3600000e+02   3.1416630e-02   0.0000000e+00
   5.4400000e+02   2.9152325e-02   0.0000000e+00
   5.5200000e+02   3.0051326e-02   0.0000000e+00
   5.6000000e+02   2.8805542e-02   0.0000000e+00
   5.6800000e+02   2.8085887e-02   0.0000000e+00
   5.7600000e+02   2.8133009e-02   0.0000000e+00
   5.8400000e+02   2.8134589e-02   0.0000000e+00
   5.9200000e+02   2.5402699e-02   0.0000000e+00
   6.0000000e+02   2.3188405e-02   0.0000000e+00
   6.0800000e+02   2.2304054e-02   0.0000000e+00
   6.1600000e+02   1.6388065e-02   0.0000000e+00
   6.2400000e+02   1.4063929e-02   0.0000000e+00
   6.3200000e+02   1.4613454e-02   0.0000000e+00
   6.4000000e+02   9.0787641e-03   0.0000000e+00
   6.4800000e+02   1.0654909e-02   0.0000000e+00
   6.5600000e+02   7.2699435e-03   0.0000000e+00
   6.6400000e+02   5.7924129e-03   0.0000000e+00
   6.7200000e+02   6.3328871e-03   0.0000000e+00
   6.8000000e+02   2.0896388e-03   0.0000000e+00
   6.8800000e+02  -4.8865251e-03   0.0000000e+00
   6.9600000e+02  -1.1670318e-02   0.0000000e+00
   7.0400000e+02  -5.7491884e-03   0.0000000e+00
   7.1200000e+02  -1.0792855e-02   0.0000000e+00
   7.2000000e+02  -1.2370870e-02   0.0000000e+00
   7.2800000e+02  -6.9791461e-03   0.0000000e+00
   7.3600000e+02  -1.2707579e-02   0.0000000e+00
   7.4400000e+02  -1.0648404e-02   0.0000000e+00
   7.5200000e+02  -1.3905595e-02   0.0000000e+00
   7.6000000e+02  -6.2782780e-03   0.0000000e+00
   7.6800000e+02  -1.7781116e-02   0.0000000e+00
   7.7600000e+02  -1.8393959e-02   0.0000000e+00
   7.8400000e+02  -1.0852632e-02   0.0000000e+00
   7.9200000e+02  -1.7709244e-02   0.0000000e+00
   8.0000000e+02  -1.0675846e-02   0.0000000e+00
   8.0800000e+02  -1.0771028e-02   0.0000000e+00
   8.1600000e+02  -8.2975443e-03   0.0000000e+00
   8.2400000e+02  -9.1533990e-03   0.0000000e+00
   8.3200000e+02  -1.1577774e-02   0.0000000e+00
   8.4000000e+02  -9.6082168e-03   0.0000000e+00
   8.4800000e+02  -7.8299096e-03   0.0000000e+00
   8.5600000e+02  -7.1627804e-03   0.0000000e+00
   8.6400000e+02  -8.0465723e-03   0.0000000e+00
   8.7200000e+02  -3.3080861e-03   0.0000000e+00
   8.8000000e+02  -3.4506064e-03   0.0000000e+00
   8.8800000e+02  -8.5988602e-04   0.0000000e+00
   8.9600000e+02  -2.4933988e-03   0.0000000e+00
   9.0400000e+02   1.7339551e-03   0.0000000e+00
   9.1200000e+02   1.8451564e-03   0.0000000e+00
   9.2000000e+02   6.3419935e-03   0.0000000e+00
   9.2800000e+02   5.9505211e-03   0.0000000e+00
   9.3600000e+02   1.5053594e-02   0.0000000e+00
   9.4400000e+02   1.4232124e-02   0.0000000e+00
   9.5200000e+02   1.0483907e-02   0.0000000e+00
   9.6000000e+02   1.2332279e-02   0.0000000e+00
   9.6800000e+02   1.0787835e-02   0.0000000e+00
   9.7600000e+02   1.3193551e-02   0.0000000e+00
   9.8400000e+02   1.3400350e-02   0.0000000e+00
   9.9200000e+02   1.4156149e-02   0.0000000e+00
   1.0000000e+03   9.8039640e-03   0.0000000e+00
   1.0080000e+03   1.0993892e-02   0.0000000e+00
   1.0160000e+03   1.1687133e-02   0.0000000e+00
   1.0240000e+03   1.5980944e-02   0.0000000e+00
   1.0320000e+03   8.7423195e-03   0.0000000e+00
   1.0400000e+03   8.1767147e-03   0.0000000e+00
   1.0480000e+03   1.4073410e-02   0.0000000e+00
   1.0560000e+03   1.2494036e-02   0.0000000e+00
   1.0640000e+03   1.4895809e-02   0.0000000e+00
   1.0720000e+03   9.9097222e-03   0.0000000e+00
   1.0800000e+03   1.2794303e-02   0.0000000e+00
   1.0880000e+03   8.5754305e-03   0.0000000e+00
   1.0960000e+03   6.8445661e-03   0.0000000e+00
   1.1040000e+03   5.4466150e-03   0.0000000e+00
   1.1120000e+03   5.4278557e-03   0.0000000e+00
   1.1200000e+03   5.7200895e-03   0.0000000e+00
   1.1280000e+03   6.4976558e-03   0.0000000e+00
   1.1360000e+03   9.1670605e-03   0.0000000e+00
   1.1440000e+03   6.2854267e-04   0.0000000e+00
   1.1520000e+03  -4.7409280e-03   0.0000000e+00
   1.1600000e+03  -4.8475184e-03   0.0000000e+00
   1.1680000e+03  -4.2534974e-03   0.0000000e+00
   1.1760000e+03  -2.3627870e-03   0.0000000e+00
   1.1840000e+03  -4.5968672e-03   0.0000000e+00
   1.1920000e+03  -5.2599316e-03   0.0000000e+00
   1.2000000e+03   7.7640474e-04   0.0000000e+00
   1.2080000e+03  -7.4686193e-03   0.0000000e+00
   1.2160000e+03  -1.0969846e-02   0.0000000e+00
   1.2240000e+03  -6.7955292e-03   0.0000000e+00
   1.2320000e+03  -7.2813305e-03   0.0000000e+00
   1.2400000e+03  -9.0783269e-03   0.0000000e+00
   1.2480000e+03  -1.0367519e-02   0.0000000e+00
   1.2560000e+03  -1.0807467e-02   0.0000000e+00
   1.2640000e+03  -1.0355666e-02   0.0000000e+00
   1.2720000e+03  -3.7103707e-03   0.0000000e+00
   1.2800000e+03  -1.2481866e-02   0.0000000e+00
   1.2880000e+03  -6.3527030e-03   0.0000000e+00
   1.2960000e+03  -6.8631432e-03   0.0000000e+00
   1.3040000e+03  -3.5478087e-03   0.0000000e+00
   1.3120000e+03   1.8921396e-03   0.0000000e+00
   1.3200000e+03  -4.5745018e-03   0.0000000e+00
   1.3280000e+03  -4.4440177e-04   0.0000000e+00
   1.3360000e+03  -6.4564970e-03   0.0000000e+00
   1.3440000e+03  -6.6565969e-03   0.0000000e+00
   1.3520000e+03  -1.4437760e-03   0.0000000e+00
   1.3600000e+03  -1.9405623e-03   0.0000000e+00
   1.3680000e+03  -3.6361714e-03   0.0000000e+00
   1.3760000e+03   1.8786756e-03   0.0000000e+00
   1.3840000e+03  -2.3499195e-03   0.0000000e+00
   1.3920000e+03   1.9219346e-05   0.0000000e+00
   1.4000000e+03   2.0453502e-03   0.0000000e+00
   1.4080000e+03   2.4445367e-03   0.0000000e+00
   1.4160000e+03  -2.2990162e-03   0.0000000e+00
   1.4240000e+03  -1.7042222e-03   0.0000000e+00
   1.4320000e+03   1.0339086e-03   0.0000000e+00
   1.4400000e+03  -4.1116217e-04   0.0000000e+00
   1.4480000e+03   4.2614810e-03   0.0000000e+00
   1.4560000e+03   3.0834946e-03   0.0000000e+00
   1.4640000e+03  -2.3573878e-03   0.0000000e+00
   1.4720000e+03  -2.7378187e-04   0.0000000e+00
   1.4800000e+03   3.2410729e-03   0.0000000e+00
   1.4880000e+03   2.2385470e-03   0.0000000e+00
   1.4960000e+03   1.2117388e-03   0.0000000e+00
   1.5040000e+03   2.6802430e-04   0.0000000e+00
   1.5120000e+03   3.4065461e-03   0.0000000e+00
   1.5200000e+03   3.5257565e-03   0.0000000e+00
   1.5280000e+03   4.9050813e-03   0.0000000e+00
   1.5360000e+03   2.3163101e-03   0.0000000e+00
   1.5440000e+03   2.8419764e-03   0.0000000e+00
   1.5520000e+03  -3.9384672e-03   0.0000000e+00
   1.5600000e+03  -4.2987626e-03   0.0000000e+00
   1.5680000e+03  -3.5848735e-04   0.0000000e+00
   1.5760000e+03  -2.3970013e-03   0.0000000e+00
   1.5840000e+03  -2.4101655e-03   0.0000000e+00
   1.5920000e+03  -1.7670955e-03   0.0000000e+00
   1.6000000e+03  -3.2538494e-03   0.0000000e+00
   1.6080000e+03   1.6417743e-03   0.0000000e+00
   1.6160000e+03  -8.1353340e-03   0.0000000e+00
   1.6240000e+03  -5.2419881e-03   0.0000000e+00
   1.6320000e+03  -1.5516293e-03   0.0000000e+00
   1.6400000e+03  -5.9064277e-03   0.0000000e+00
   1.6480000e+03  -9.7385130e-03   0.0000000e+00
   1.6560000e+03  -5.7280192e-03   0.0000000e+00
   1.6640000e+03  -7.0477828e-03   0.0000000e+00
   1.6720000e+03  -1.2706585e-02   0.0000000e+00
   1.6800000e+03  -1.3092059e-02   0.0000000e+00
   1.6880000e+03  -8.9919984e-03   0.0000000e+00
   1.6960000e+03  -9.9480001e-04   0.0000000e+00
   1.7040000e+03  -7.6107072e-03   0.0000000e+00
   1.7120000e+03  -1.3732440e-02   0.0000000e+00
