   0.0000000e+00   3.8559610e+07  -8.3202941e+04
   8.0000000e+00   3.8206629e+07  -1.0686834e+05
   1.6000000e+01   3.8203511e+07  -1.0849310e+05
   2.4000000e+01   3.8256250e+07  -8.3026814e+04
   3.2000000e+01   3.8268720e+07  -8.5804962e+04
   4.0000000e+01   3.8345942e+07  -1.1938088e+05
   4.8000000e+01   3.8439293e+07  -1.0564432e+05
   5.6000000e+01   3.8590351e+07  -1.1795893e+05
   6.4000000e+01   3.8726017e+07  -9.8242696e+04
   7.2000000e+01   3.8872193e+07  -1.5454085e+05
   8.0000000e+01   3.9071538e+07  -1.4014826e+05
   8.8000000e+01   3.9288852e+07  -1.3413225e+05
   9.6000000e+01   3.9500532e+07  -1.1049077e+05
   1.0400000e+02   3.9641340e+07  -9.1838946e+04
   1.1200000e+02   3.9719501e+07  -1.0660659e+05
   1.2000000e+02   3.9726042e+07  -1.1784634e+05
   1.2800000e+02   3.9689807e+07  -6.0407454e+04
   1.3600000e+02   3.9589762e+07  -4.2147556e+04
   1.4400000e+02   3.9512059e+07   1.2523446e+04
   1.5200000e+02   3.9366482e+07   2.7337811e+03
   1.6000000e+02   3.9217314e+07   9.6059128e+03
   1.6800000e+02   3.9045301e+07   1.8751257e+04
   1.7600000e+02   3.8906459e+07   5.0303894e+04
   1.8400000e+02   3.8767307e+07   2.7991637e+04
   1.9200000e+02   3.8604084e+07   3.5542557e+04
   2.0000000e+02   3.8439053e+07   5.8331791e+03
   2.0800000e+02   3.8372426e+07  -1.7084783e+04
   2.1600000e+02   3.8318729e+07  -1.2464099e+04
   2.2400000e+02   3.8292078e+07   2.6641834e+04
   2.3200000e+02   3.8252305e+07   6.5010945e+03
   2.4000000e+02   3.8241549e+07  -2.6564186e+03
   2.4800000e+02   3.8250022e+07   1.8151825e+04
   2.5600000e+02   3.8229921e+07   2.2363339e+04
   2.6400000e+02   3.8272056e+07   2.0097777e+04
   2.7200000e+02   3.8278372e+07  -8.4312290e+03
   2.8000000e+02   3.8307255e+07   8.6874140e+01
   2.8800000e+02   3.8362368e+07   1.5911666e+03
   2.9600000e+02   3.8407551e+07  -8.0663699e+03
   3.0400000e+02   3.8438204e+07   2.8315005e+04
   3.1200000e+02   3.8462047e+07   1.5567908e+04
   3.2000000e+02   3.8453314e+07  -1.0525673e+04
   3.2800000e+02   3.8470346e+07  -7.2510312e+03
   3.3600000e+02   3.8491592e+07   2.1719396e+04
   3.4400000e+02   3.8482029e+07   2.9179513e+04
   3.5200000e+02   3.8453945e+07  -1.3141677e+04
   3.6000000e+02   3.8435971e+07   5.7054708e+03
   3.6800000e+02   3.8423988e+07   2.5277860e+04
   3.7600000e+02   3.8445799e+07   2.9954831e+04
   3.8400000e+02   3.8431153e+07   8.3335254e+04
   3.9200000e+02   3.8415022e+07   3.9827092e+04
   4.0000000e+02   3.8374464e+07   2.2037370e+04
   4.0800000e+02   3.8387778e+07   2.2249291e+04
   4.1600000e+02   3.8388865e+07   5.5481824e+04
   4.2400000e+02   3.8396480e+07   4.6519066e+04
   4.3200000e+02   3.8408681e+07   2.3837587e+04
   4.4000000e+02   3.8390979e+07   3.6971677e+04
   4.4800000e+02   3.8428100e+07   4.5536010e+04
   4.5600000e+02   3.8416361e+07   4.6282438e+04
   4.6400000e+02   3.8445937e+07   6.2754608e+04
   4.7200000e+02   3.8438198e+07   9.8545774e+03
   4.8000000e+02   3.8417307e+07   1.8940258e+04
   4.8800000e+02   3.8447332e+07   2.0357664e+04
   4.9600000e+02   3.8465420e+07   5.6944005e+04
   5.0400000e+02   3.8471130e+07   6.0699830e+04
   5.1200000e+02   3.8437349e+07   4.5666716e+04
   5.2000000e+02   3.8423733e+07   6.0595294e+04
   5.2800000e+02   3.8415843e+07   5.9036865e+04
   5.3600000e+02   3.8432846e+07   7.9371207e+04
   5.4400000e+02   3.8411527e+07   6.4775151e+04
   5.5200000e+02   3.8397532e+07   5.7402515e+04
   5.6000000e+02   3.8382973e+07   3.9832536e+04
   5.6800000e+02   3.8393049e+07   7.6834914e+04
   5.7600000e+02   3.8356449e+07   9.0034652e+04
   5.8400000e+02   3.8371484e+07   8.0990582e+04
   5.9200000e+02   3.8356495e+07   4.8275221e+04
   6.0000000e+02   3.8341510e+07   5.8463571e+03
   6.0800000e+02   3.8329768e+07   3.6449240e+04
   6.1600000e+02   3.8323992e+07   1.4265655e+04
   6.2400000e+02   3.8344003e+07   5.9443804e+04
   6.3200000e+02   3.8361698e+07   5.6520443e+04
   6.4000000e+02   3.8334903e+07   3.6418758e+04
   6.4800000e+02   3.8326317e+07   4.3732619e+04
   6.5600000e+02   3.8343464e+07   5.7625611e+04
   6.6400000e+02   3.8355799e+07   5.7553203e+04
   6.7200000e+02   3.8372358e+07   4.9716430e+04
   6.8000000e+02   3.8340596e+07   2.0205843e+04
   6.8800000e+02   3.8391611e+07   6.2013368e+04
   6.9600000e+02   3.8377821e+07   7.2269247e+04
   7.0400000e+02   3.8398940e+07   8.6548222e+04
   7.1200000e+02   3.8400714e+07   6.7776217e+04
   7.2000000e+02   3.8379575e+07   5.1448350e+04
   7.2800000e+02   3.8373854e+07   4.7010714e+04
   7.3600000e+02   3.8388035e+07   4.8842961e+04
   7.4400000e+02   3.8395725e+07   4.3177243e+04
   7.5200000e+02   3.8363675e+07   6.0635367e+04
   7.6000000e+02   3.8361921e+07   3.9389702e+04
   7.6800000e+02   3.8352447e+07   6.3247918e+04
   7.7600000e+02   3.8355636e+07   5.5742508e+04
   7.8400000e+02   3.8353899e+07   7.2876314e+04
   7.9200000e+02   3.8320539e+07   4.9717175e+04
   8.0000000e+02   3.8336176e+07   2.5411548e+04
   8.0800000e+02   3.8313896e+07   3.5299023e+04
   8.1600000e+02   3.8317167e+07   5.6273364e+04
   8.2400000e+02   3.8328982e+07   8.5600755e+04
   8.3200000e+02   3.8330536e+07   5.5065252e+04
   8.4000000e+02   3.8315476e+07   5.7833140e+04
   8.4800000e+02   3.8338162e+07   5.3184465e+04
   8.5600000e+02   3.8319700e+07   8.0362512e+04
   8.6400000e+02   3.8300837e+07   8.7644455e+04
   8.7200000e+02   3.8318838e+07   4.5133927e+04
   8.8000000e+02   3.8305589e+07   3.9872743e+04
   8.8800000e+02   3.8319818e+07   3.3281025e+04
   8.9600000e+02   3.8324590e+07   5.5846291e+04
   9.0400000e+02   3.8313104e+07   5.5828373e+04
   9.1200000e+02   3.8310024e+07   2.8473554e+04
   9.2000000e+02   3.8331367e+07   2.5451038e+04
   9.2800000e+02   3.8300872e+07   2.2612807e+04
   9.3600000e+02   3.8305688e+07   7.3638133e+04
   9.4400000e+02   3.8305231e+07   5.6875362e+04
   9.5200000e+02   3.8313288e+07   2.8215896e+04
   9.6000000e+02   3.8289523e+07   7.8841865e+03
   9.6800000e+02   3.8298316e+07   4.8391176e+04
   9.7600000e+02   3.8291760e+07   3.4874834e+04
   9.8400000e+02   3.8308511e+07   7.3658154e+04
   9.9200000e+02   3.8297800e+07   4.5376795e+04
   1.0000000e+03   3.8277032e+07   3.0639633e+04
   1.0080000e+03   3.8306842e+07   5.0657256e+04
   1.0160000e+03   3.8290107e+07   5.3306273e+04
   1.0240000e+03   3.8299146e+07   4.6275044e+04
   1.0320000e+03   3.8310623e+07   3.9792411e+04
   1.0400000e+03   3.8276339e+07   1.7325032e+04
   1.0480000e+03   3.8295840e+07   7.6283369e+03
   1.0560000e+03   3.8278586e+07   2.5697157e+04
   1.0640000e+03   3.8309363e+07   2.2646679e+04
   1.0720000e+03   3.8271699e+07  -2.1824613e+03
   1.0800000e+03   3.8271133e+07  -6.2498075e+04
   1.0880000e+03   3.8272682e+07  -8.5666426e+03
   1.0960000e+03   3.8277828e+07   2.8020458e+03
   1.1040000e+03   3.8279241e+07   9.4152845e+03
   1.1120000e+03   3.8273082e+07  -2.9576972e+04
   1.1200000e+03   3.8259608e+07  -2.1525400e+04
   1.1280000e+03   3.8264391e+07   3.1068591e+04
   1.1360000e+03   3.8251268e+07   2.2045847e+04
   1.1440000e+03   3.8302876e+07   4.9112677e+04
   1.1520000e+03   3.8270404e+07   4.5404234e+04
   1.1600000e+03   3.8273711e+07   1.9663044e+04
   1.1680000e+03   3.8268255e+07   1.6344825e+04
   1.1760000e+03   3.8292195e+07   2.3107170e+04
   1.1840000e+03   3.8269648e+07   3.5412467e+04
   1.1920000e+03   3.8264242e+07  -1.7403285e+04
   1.2000000e+03   3.8247931e+07  -3.3023294e+04
   1.2080000e+03   3.8243873e+07  -5.2355420e+04
   1.2160000e+03   3.8248582e+07  -4.8273415e+04
   1.2240000e+03   3.8261279e+07  -5.7146083e+04
   1.2320000e+03   3.8242265e+07  -7.0137910e+04
   1.2400000e+03   3.8243427e+07  -9.1925535e+04
   1.2480000e+03   3.8233611e+07  -7.8450717e+04
   1.2560000e+03   3.8264843e+07  -8.0433531e+04
   1.2640000e+03   3.8263490e+07  -6.4158665e+04
   1.2720000e+03   3.8268124e+07  -8.1554379e+04
   1.2800000e+03   3.8243800e+07  -5.8173250e+04
   1.2880000e+03   3.8247053e+07  -3.9444810e+04
   1.2960000e+03   3.8276476e+07  -2.5243016e+03
   1.3040000e+03   3.8299755e+07   1.1881992e+04
   1.3120000e+03   3.8287732e+07  -1.1224385e+03
   1.3200000e+03   3.8280979e+07  -1.6063750e+04
   1.3280000e+03   3.8271793e+07   1.3990197e+04
   1.3360000e+03   3.8285034e+07  -1.9707256e+04
   1.3440000e+03   3.8300516e+07  -4.4410415e+04
   1.3520000e+03   3.8237210e+07  -1.1738035e+05
   1.3600000e+03   3.8225297e+07  -1.6860416e+05
   1.3680000e+03   3.8198298e+07  -1.9555508e+05
   1.3760000e+03   3.8205420e+07  -2.4137508e+05
   1.3840000e+03   3.8224002e+07  -2.5561761e+05
   1.3920000e+03   3.8191559e+07  -2.6566848e+05
   1.4000000e+03   3.8169195e+07  -3.3853553e+05
   1.4080000e+03   3.8154933e+07  -2.9126213e+05
   1.4160000e+03   3.8175946e+07  -2.7248439e+05
   1.4240000e+03   3.8204117e+07  -2.0799163e+05
   1.4320000e+03   3.8220594e+07  -1.8721011e+05
