   0.0000000e+00   5.4914943e+06   1.1825641e+04
   8.0000000e+00   5.4655332e+06   6.6612249e+03
   1.6000000e+01   5.4700306e+06  -1.5747709e+04
   2.4000000e+01   5.4899922e+06  -9.2860240e+03
   3.2000000e+01   5.5541679e+06  -2.5607232e+04
   4.0000000e+01   5.6661361e+06  -6.0965933e+04
   4.8000000e+01   5.8266136e+06  -8.7362157e+04
   5.6000000e+01   6.0443869e+06  -1.2928005e+05
   6.4000000e+01   6.3386607e+06  -1.6367921e+05
   7.2000000e+01   6.6777267e+06  -1.9918421e+05
   8.0000000e+01   7.0703953e+06  -2.5812187e+05
   8.8000000e+01   7.5089085e+06  -2.7308122e+05
   9.6000000e+01   7.9436538e+06  -2.8414464e+05
   1.0400000e+02   8.3352760e+06  -2.7587694e+05
   1.1200000e+02   8.6239271e+06  -2.4222592e+05
   1.2000000e+02   8.7889374e+06  -1.8621302e+05
   1.2800000e+02   8.7765909e+06  -9.1353019e+04
   1.3600000e+02   8.6271198e+06   7.5006746e+03
   1.4400000e+02   8.3434659e+06   1.0183658e+05
   1.5200000e+02   7.9750550e+06   1.4870684e+05
   1.6000000e+02   7.5492491e+06   1.7806875e+05
   1.6800000e+02   7.1417455e+06   1.9091957e+05
   1.7600000e+02   6.7320251e+06   1.8791354e+05
   1.8400000e+02   6.3813714e+06   1.5905297e+05
   1.9200000e+02   6.0975687e+06   1.2519823e+05
   2.0000000e+02   5.8772142e+06   9.7978020e+04
   2.0800000e+02   5.7144313e+06   7.4884248e+04
   2.1600000e+02   5.5941269e+06   5.3866254e+04
   2.2400000e+02   5.5298999e+06   3.4208549e+04
   2.3200000e+02   5.4953988e+06   4.3081675e+03
   2.4000000e+02   5.4808722e+06  -7.6119190e+03
   2.4800000e+02   5.4979976e+06  -7.3592923e+03
   2.5600000e+02   5.5486171e+06  -9.0595387e+03
   2.6400000e+02   5.5923741e+06  -1.4626333e+04
   2.7200000e+02   5.6431509e+06  -2.1866180e+04
   2.8000000e+02   5.7068953e+06  -2.4314603e+04
   2.8800000e+02   5.7732551e+06  -3.2599639e+04
   2.9600000e+02   5.8398471e+06  -2.7773374e+04
   3.0400000e+02   5.8961194e+06  -2.3341974e+04
   3.1200000e+02   5.9503896e+06  -1.9084223e+04
   3.2000000e+02   5.9722001e+06  -1.6671299e+04
   3.2800000e+02   5.9910000e+06  -1.4991681e+04
   3.3600000e+02   6.0217452e+06   4.0267576e+03
   3.4400000e+02   6.0214237e+06   4.2072548e+03
   3.5200000e+02   6.0185209e+06   1.4427583e+03
   3.6000000e+02   5.9985414e+06   1.1613623e+04
   3.6800000e+02   5.9812331e+06   1.3084439e+04
   3.7600000e+02   5.9665318e+06   1.6412288e+04
   3.8400000e+02   5.9269421e+06   2.2680197e+04
   3.9200000e+02   5.8921302e+06   1.9671690e+04
   4.0000000e+02   5.8618817e+06   2.6235657e+04
   4.0800000e+02   5.8296035e+06   2.0950523e+04
   4.1600000e+02   5.7954037e+06   2.2309540e+04
   4.2400000e+02   5.7683867e+06   2.7931150e+04
   4.3200000e+02   5.7404032e+06   1.4605826e+04
   4.4000000e+02   5.7255261e+06   7.3285761e+03
   4.4800000e+02   5.7142599e+06   1.4300161e+04
   4.5600000e+02   5.7012819e+06   1.4418393e+04
   4.6400000e+02   5.7028282e+06   1.0682135e+04
   4.7200000e+02   5.7136079e+06   1.2257331e+02
   4.8000000e+02   5.7093794e+06   8.2458766e+03
   4.8800000e+02   5.7182586e+06  -4.2955747e+03
   4.9600000e+02   5.7338170e+06   3.0118333e+03
   5.0400000e+02   5.7376014e+06   2.3292898e+04
   5.1200000e+02   5.7543698e+06   6.8347700e+03
   5.2000000e+02   5.7510929e+06   8.2014952e+03
   5.2800000e+02   5.7710958e+06   1.2821139e+04
   5.3600000e+02   5.7633880e+06   6.7296532e+03
   5.4400000e+02   5.7735883e+06   1.0808908e+04
   5.5200000e+02   5.7629465e+06   2.2052483e+04
   5.6000000e+02   5.7753691e+06   1.6960687e+04
   5.6800000e+02   5.7673159e+06   3.5607875e+03
   5.7600000e+02   5.7659930e+06   1.4604881e+04
   5.8400000e+02   5.7565486e+06   2.2889071e+04
   5.9200000e+02   5.7543117e+06   1.2220738e+04
   6.0000000e+02   5.7463772e+06   1.6778014e+04
   6.0800000e+02   5.7375715e+06   1.3548360e+04
   6.1600000e+02   5.7209560e+06   1.5828668e+04
   6.2400000e+02   5.7338104e+06   2.2024383e+04
   6.3200000e+02   5.7283902e+06   8.7499032e+03
   6.4000000e+02   5.7173033e+06   9.8065091e+03
   6.4800000e+02   5.7274416e+06   1.0448341e+04
   6.5600000e+02   5.7195871e+06   8.5505304e+03
   6.6400000e+02   5.7253707e+06   5.4515165e+03
   6.7200000e+02   5.7235558e+06   1.7008671e+04
   6.8000000e+02   5.7052536e+06   3.0239417e+03
   6.8800000e+02   5.7149852e+06   4.9185037e+03
   6.9600000e+02   5.7048729e+06   2.3760199e+04
   7.0400000e+02   5.7104401e+06   1.8168698e+04
   7.1200000e+02   5.6939569e+06   1.3353642e+04
   7.2000000e+02   5.6976471e+06   5.5761054e+03
   7.2800000e+02   5.6773667e+06   1.7947524e+04
   7.3600000e+02   5.6778919e+06   1.3644022e+04
   7.4400000e+02   5.6818325e+06   2.4949851e+04
   7.5200000e+02   5.6692226e+06   1.3627952e+04
   7.6000000e+02   5.6661564e+06   3.1419275e+03
   7.6800000e+02   5.6596338e+06   9.1792481e+03
   7.7600000e+02   5.6575073e+06   1.5839055e+04
   7.8400000e+02   5.6604425e+06   1.5661961e+04
   7.9200000e+02   5.6425828e+06   1.7194651e+04
   8.0000000e+02   5.6414149e+06   1.6968061e+04
   8.0800000e+02   5.6399103e+06   1.1561680e+04
   8.1600000e+02   5.6510860e+06   1.4319115e+04
   8.2400000e+02   5.6478521e+06   6.3410462e+03
   8.3200000e+02   5.6409039e+06   7.0413500e+03
   8.4000000e+02   5.6520302e+06   2.9543839e+03
   8.4800000e+02   5.6624743e+06   2.2430854e+04
   8.5600000e+02   5.6618854e+06   1.8695048e+04
   8.6400000e+02   5.6641798e+06   1.2959879e+04
   8.7200000e+02   5.6649266e+06   1.3244292e+04
   8.8000000e+02   5.6744945e+06   1.8368747e+04
   8.8800000e+02   5.6627891e+06   6.7929056e+03
   8.9600000e+02   5.6660918e+06   2.0204792e+04
   9.0400000e+02   5.6711663e+06   2.2236739e+04
   9.1200000e+02   5.6564878e+06   1.8015752e+04
   9.2000000e+02   5.6630526e+06   1.9854584e+04
   9.2800000e+02   5.6491110e+06   2.0009828e+04
   9.3600000e+02   5.6472665e+06   1.4943275e+04
   9.4400000e+02   5.6517717e+06   1.8874193e+04
   9.5200000e+02   5.6388206e+06   9.8461035e+03
   9.6000000e+02   5.6285128e+06   1.0525905e+04
   9.6800000e+02   5.6221282e+06   1.2428216e+04
   9.7600000e+02   5.6130421e+06   1.0034621e+04
   9.8400000e+02   5.6163553e+06   2.6413084e+04
   9.9200000e+02   5.6018927e+06   1.2698050e+04
   1.0000000e+03   5.5963019e+06   1.7974142e+04
   1.0080000e+03   5.5899669e+06   1.4916542e+04
   1.0160000e+03   5.5870471e+06   1.8589984e+04
   1.0240000e+03   5.5888118e+06   8.4580261e+03
   1.0320000e+03   5.5939501e+06   1.1610061e+04
