   0.0000000e+00   2.4045725e-01   0.0000000e+00
   8.0000000e+00   2.3866774e-01   0.0000000e+00
   1.6000000e+01   2.2588404e-01   0.0000000e+00
   2.4000000e+01   2.0092160e-01   0.0000000e+00
   3.2000000e+01   1.6573507e-01   0.0000000e+00
   4.0000000e+01   1.2552546e-01   0.0000000e+00
   4.8000000e+01   7.7902203e-02   0.0000000e+00
   5.6000000e+01   3.2960672e-02   0.0000000e+00
   6.4000000e+01  -6.7639099e-03   0.0000000e+00
   7.2000000e+01  -3.7172090e-02   0.0000000e+00
   8.0000000e+01  -5.9432016e-02   0.0000000e+00
   8.8000000e+01  -6.6278631e-02   0.0000000e+00
   9.6000000e+01  -6.6144446e-02   0.0000000e+00
   1.0400000e+02  -6.0590687e-02   0.0000000e+00
   1.1200000e+02  -4.4725945e-02   0.0000000e+00
   1.2000000e+02  -3.2401213e-02   0.0000000e+00
   1.2800000e+02  -1.0446392e-02   0.0000000e+00
   1.3600000e+02   6.1118080e-03   0.0000000e+00
   1.4400000e+02   2.2985510e-02   0.0000000e+00
   1.5200000e+02   3.5777206e-02   0.0000000e+00
   1.6000000e+02   4.0074571e-02   0.0000000e+00
   1.6800000e+02   4.0835793e-02   0.0000000e+00
   1.7600000e+02   4.1599741e-02   0.0000000e+00
   1.8400000e+02   3.1768922e-02   0.0000000e+00
   1.9200000e+02   1.7189778e-02   0.0000000e+00
   2.0000000e+02   3.0855647e-03   0.0000000e+00
   2.0800000e+02  -1.1508499e-02   0.0000000e+00
   2.1600000e+02  -2.2446286e-02   0.0000000e+00
   2.2400000e+02  -3.3018286e-02   0.0000000e+00
   2.3200000e+02  -3.7721315e-02   0.0000000e+00
   2.4000000e+02  -4.2402197e-02   0.0000000e+00
   2.4800000e+02  -3.6588173e-02   0.0000000e+00
   2.5600000e+02  -2.8658506e-02   0.0000000e+00
   2.6400000e+02  -1.8762814e-02   0.0000000e+00
   2.7200000e+02  -4.1726690e-03   0.0000000e+00
   2.8000000e+02   2.7477111e-03   0.0000000e+00
   2.8800000e+02   1.3037368e-02   0.0000000e+00
   2.9600000e+02   2.4337806e-02   0.0000000e+00
   3.0400000e+02   2.9074252e-02   0.0000000e+00
   3.1200000e+02   2.8717223e-02   0.0000000e+00
   3.2000000e+02   2.4264994e-02   0.0000000e+00
   3.2800000e+02   2.0369918e-02   0.0000000e+00
   3.3600000e+02   1.2436867e-02   0.0000000e+00
   3.4400000e+02   5.6880035e-03   0.0000000e+00
   3.5200000e+02  -5.1752250e-03   0.0000000e+00
   3.6000000e+02  -1.5534617e-02   0.0000000e+00
   3.6800000e+02  -2.2652627e-02   0.0000000e+00
   3.7600000e+02  -2.3826094e-02   0.0000000e+00
   3.8400000e+02  -2.6465845e-02   0.0000000e+00
   3.9200000e+02  -2.4145131e-02   0.0000000e+00
   4.0000000e+02  -2.0287910e-02   0.0000000e+00
   4.0800000e+02  -1.3150933e-02   0.0000000e+00
   4.1600000e+02  -6.4930577e-03   0.0000000e+00
   4.2400000e+02   4.1472891e-03   0.0000000e+00
   4.3200000e+02   7.6761891e-03   0.0000000e+00
   4.4000000e+02   1.5270856e-02   0.0000000e+00
   4.4800000e+02   1.7227635e-02   0.0000000e+00
   4.5600000e+02   1.8094196e-02   0.0000000e+00
   4.6400000e+02   2.0678261e-02   0.0000000e+00
   4.7200000e+02   1.8297856e-02   0.0000000e+00
   4.8000000e+02   1.2811913e-02   0.0000000e+00
   4.8800000e+02   1.8353847e-03   0.0000000e+00
   4.9600000e+02  -2.3099847e-03   0.0000000e+00
   5.0400000e+02  -5.3920897e-03   0.0000000e+00
   5.1200000e+02  -1.2239517e-02   0.0000000e+00
   5.2000000e+02  -1.5066113e-02   0.0000000e+00
   5.2800000e+02  -1.5680397e-02   0.0000000e+00
   5.3600000e+02  -1.5602940e-02   0.0000000e+00
   5.4400000e+02  -1.4935277e-02   0.0000000e+00
   5.5200000e+02  -8.9051242e-03   0.0000000e+00
   5.6000000e+02  -5.4381190e-03   0.0000000e+00
   5.6800000e+02   1.2427586e-03   0.0000000e+00
   5.7600000e+02   3.5539218e-03   0.0000000e+00
   5.8400000e+02   9.7409718e-03   0.0000000e+00
   5.9200000e+02   1.5799622e-02   0.0000000e+00
   6.0000000e+02   1.3155484e-02   0.0000000e+00
   6.0800000e+02   1.5541918e-02   0.0000000e+00
   6.1600000e+02   1.1449338e-02   0.0000000e+00
   6.2400000e+02   8.5181241e-03   0.0000000e+00
   6.3200000e+02   4.4016944e-03   0.0000000e+00
   6.4000000e+02   1.6230227e-03   0.0000000e+00
   6.4800000e+02  -2.5925643e-03   0.0000000e+00
   6.5600000e+02  -8.4367070e-03   0.0000000e+00
   6.6400000e+02  -1.0459030e-02   0.0000000e+00
   6.7200000e+02  -1.2461831e-02   0.0000000e+00
   6.8000000e+02  -1.2161331e-02   0.0000000e+00
   6.8800000e+02  -9.6720586e-03   0.0000000e+00
   6.9600000e+02  -9.3766462e-03   0.0000000e+00
   7.0400000e+02  -4.5396829e-03   0.0000000e+00
   7.1200000e+02  -1.7228687e-03   0.0000000e+00
   7.2000000e+02   4.6933003e-03   0.0000000e+00
   7.2800000e+02   6.8960289e-03   0.0000000e+00
   7.3600000e+02   5.7792131e-03   0.0000000e+00
   7.4400000e+02   8.5822879e-03   0.0000000e+00
   7.5200000e+02   8.7277996e-03   0.0000000e+00
   7.6000000e+02   8.4735373e-03   0.0000000e+00
   7.6800000e+02   6.1858542e-03   0.0000000e+00
   7.7600000e+02   6.8823963e-03   0.0000000e+00
   7.8400000e+02   2.0779830e-03   0.0000000e+00
   7.9200000e+02  -2.4119936e-03   0.0000000e+00
   8.0000000e+02  -1.5931511e-03   0.0000000e+00
   8.0800000e+02  -5.2017351e-03   0.0000000e+00
   8.1600000e+02  -6.7248466e-03   0.0000000e+00
   8.2400000e+02  -9.3103796e-03   0.0000000e+00
   8.3200000e+02  -6.9190592e-03   0.0000000e+00
   8.4000000e+02  -7.1345677e-03   0.0000000e+00
   8.4800000e+02  -3.7155475e-03   0.0000000e+00
   8.5600000e+02   2.6054877e-05   0.0000000e+00
   8.6400000e+02   1.9441996e-04   0.0000000e+00
   8.7200000e+02  -4.2564241e-05   0.0000000e+00
   8.8000000e+02   3.8405496e-03   0.0000000e+00
   8.8800000e+02   5.9786887e-03   0.0000000e+00
   8.9600000e+02   4.7339282e-03   0.0000000e+00
   9.0400000e+02   4.7417686e-03   0.0000000e+00
   9.1200000e+02   4.4072908e-03   0.0000000e+00
