   0.0000000e+00   3.1501542e+06   2.2954930e+04
   8.0000000e+00   3.0966737e+06   2.3584231e+04
   1.6000000e+01   3.0449476e+06   2.5682254e+04
   2.4000000e+01   3.0061863e+06   2.1371429e+04
   3.2000000e+01   2.9972021e+06   1.1109693e+04
   4.0000000e+01   2.9936611e+06  -1.2776010e+03
   4.8000000e+01   3.0309156e+06  -1.4756750e+04
   5.6000000e+01   3.0852671e+06  -3.8303728e+04
   6.4000000e+01   3.1736063e+06  -5.9446321e+04
   7.2000000e+01   3.3100432e+06  -8.6691993e+04
   8.0000000e+01   3.4809797e+06  -1.1120060e+05
   8.8000000e+01   3.6664953e+06  -1.2531981e+05
   9.6000000e+01   3.8602575e+06  -1.3842567e+05
   1.0400000e+02   4.0351960e+06  -1.2577982e+05
   1.1200000e+02   4.1689164e+06  -9.8527035e+04
   1.2000000e+02   4.2351018e+06  -6.1643449e+04
   1.2800000e+02   4.2227550e+06  -1.1676232e+04
   1.3600000e+02   4.1506694e+06   3.9085279e+04
   1.4400000e+02   4.0187299e+06   7.5055782e+04
   1.5200000e+02   3.8470538e+06   9.9861393e+04
   1.6000000e+02   3.6680827e+06   1.1369370e+05
   1.6800000e+02   3.4766690e+06   1.1667773e+05
   1.7600000e+02   3.3132197e+06   9.5794186e+04
   1.8400000e+02   3.1806859e+06   7.7824255e+04
   1.9200000e+02   3.0856853e+06   4.3684536e+04
   2.0000000e+02   3.0191411e+06   2.6963747e+04
   2.0800000e+02   2.9980567e+06   1.5510475e+04
   2.1600000e+02   2.9967363e+06   3.0070342e+03
   2.2400000e+02   3.0107231e+06  -8.0008214e+03
   2.3200000e+02   3.0547121e+06  -2.2149157e+04
   2.4000000e+02   3.0894289e+06  -2.5798498e+04
   2.4800000e+02   3.1547684e+06  -2.8017231e+04
   2.5600000e+02   3.2055109e+06  -1.9253631e+04
   2.6400000e+02   3.2590261e+06  -2.4099561e+04
   2.7200000e+02   3.3003917e+06  -2.0007836e+04
   2.8000000e+02   3.3132898e+06  -1.5382768e+04
   2.8800000e+02   3.3140419e+06   2.5720340e+03
   2.9600000e+02   3.3148057e+06   1.1244552e+04
   3.0400000e+02   3.2792915e+06   2.2977636e+04
   3.1200000e+02   3.2288169e+06   2.7480185e+04
   3.2000000e+02   3.1813338e+06   2.4974464e+04
   3.2800000e+02   3.1336583e+06   3.5253876e+04
   3.3600000e+02   3.0983802e+06   2.5750880e+04
   3.4400000e+02   3.0649349e+06   2.9065767e+04
   3.5200000e+02   3.0493169e+06   2.5704097e+04
   3.6000000e+02   3.0339053e+06   3.8759581e+03
   3.6800000e+02   3.0491945e+06  -2.3563844e+03
   3.7600000e+02   3.0709603e+06  -8.6041723e+02
   3.8400000e+02   3.0990343e+06  -1.5363385e+04
   3.9200000e+02   3.1422817e+06  -1.2891730e+04
   4.0000000e+02   3.1622959e+06  -1.3411920e+04
   4.0800000e+02   3.1934556e+06  -1.5646958e+04
   4.1600000e+02   3.2286142e+06  -1.4156752e+04
   4.2400000e+02   3.2425274e+06   9.2309290e+03
   4.3200000e+02   3.2395004e+06   1.1678752e+03
   4.4000000e+02   3.2228929e+06  -1.8424013e+03
   4.4800000e+02   3.2082610e+06   1.3855218e+04
   4.5600000e+02   3.1806873e+06   1.6679533e+04
   4.6400000e+02   3.1573099e+06   2.1314670e+04
   4.7200000e+02   3.1214196e+06   1.8276361e+04
   4.8000000e+02   3.0878290e+06   1.5388672e+04
   4.8800000e+02   3.0646006e+06   1.7926242e+04
   4.9600000e+02   3.0593549e+06   1.4804587e+04
   5.0400000e+02   3.0497595e+06   1.0889313e+04
   5.1200000e+02   3.0549396e+06   7.3584289e+03
   5.2000000e+02   3.0647527e+06  -5.4724203e+03
   5.2800000e+02   3.0845945e+06  -4.0301014e+03
   5.3600000e+02   3.1032408e+06  -4.2571375e+03
   5.4400000e+02   3.1346221e+06  -7.2623329e+03
   5.5200000e+02   3.1439884e+06  -9.0193656e+03
   5.6000000e+02   3.1664425e+06  -1.7120314e+04
   5.6800000e+02   3.1709508e+06  -1.3378033e+03
   5.7600000e+02   3.1719523e+06   4.3882808e+03
   5.8400000e+02   3.1785213e+06   4.6561812e+03
   5.9200000e+02   3.1690188e+06   1.3162993e+04
   6.0000000e+02   3.1496239e+06   1.1260857e+04
   6.0800000e+02   3.1132247e+06   1.6298095e+04
   6.1600000e+02   3.0985937e+06   1.9447750e+04
   6.2400000e+02   3.0873457e+06   1.7307909e+04
   6.3200000e+02   3.0647248e+06   1.8679351e+04
   6.4000000e+02   3.0544603e+06   1.4484207e+04
   6.4800000e+02   3.0508846e+06   8.4088782e+03
   6.5600000e+02   3.0493898e+06   1.0459464e+04
   6.6400000e+02   3.0496682e+06   2.2852556e+03
   6.7200000e+02   3.0661589e+06  -3.6199496e+03
   6.8000000e+02   3.0749898e+06   1.6272651e+03
   6.8800000e+02   3.0938063e+06  -6.7016439e+03
   6.9600000e+02   3.0992264e+06  -6.4554581e+02
   7.0400000e+02   3.1168244e+06   5.7829960e+03
   7.1200000e+02   3.1342358e+06   1.5756470e+03
   7.2000000e+02   3.1240682e+06   3.5543668e+03
   7.2800000e+02   3.1298682e+06   9.5988490e+03
   7.3600000e+02   3.1151459e+06   1.1388316e+04
   7.4400000e+02   3.1041777e+06   9.9510242e+03
   7.5200000e+02   3.0895929e+06   9.8756397e+03
   7.6000000e+02   3.0792495e+06   1.3874834e+04
   7.6800000e+02   3.0645662e+06   7.5329441e+03
   7.7600000e+02   3.0450812e+06   1.5557663e+04
   7.8400000e+02   3.0372662e+06   7.6663068e+03
   7.9200000e+02   3.0295418e+06   1.2954347e+04
   8.0000000e+02   3.0287255e+06   6.3984922e+03
   8.0800000e+02   3.0344736e+06   6.5829131e+03
   8.1600000e+02   3.0336431e+06   4.9177935e+01
   8.2400000e+02   3.0465245e+06  -2.8015151e+03
   8.3200000e+02   3.0533615e+06  -5.5266400e+02
   8.4000000e+02   3.0713049e+06  -1.0932871e+03
   8.4800000e+02   3.0763744e+06  -6.8860504e+03
   8.5600000e+02   3.0711788e+06   1.5996679e+03
   8.6400000e+02   3.0781184e+06   5.6966853e+03
   8.7200000e+02   3.0768272e+06  -1.7550656e+03
   8.8000000e+02   3.0742966e+06   3.4581455e+03
   8.8800000e+02   3.0654832e+06   8.2229924e+03
   8.9600000e+02   3.0658964e+06   9.1626483e+03
   9.0400000e+02   3.0494084e+06   9.2750081e+03
   9.1200000e+02   3.0340308e+06   1.1003753e+04
   9.2000000e+02   3.0347920e+06   3.7324169e+03
   9.2800000e+02   3.0221853e+06   6.5404669e+03
   9.3600000e+02   3.0159045e+06   9.8162275e+03
   9.4400000e+02   3.0064755e+06   8.0332445e+02
   9.5200000e+02   3.0119093e+06   1.0212521e+04
   9.6000000e+02   3.0095599e+06  -4.1909449e+03
   9.6800000e+02   3.0181018e+06  -2.9293460e+03
   9.7600000e+02   3.0276794e+06  -2.7228286e+02
   9.8400000e+02   3.0264748e+06   2.4087870e+03
   9.9200000e+02   3.0240445e+06  -1.6471755e+03
   1.0000000e+03   3.0341136e+06  -1.0114089e+03
   1.0080000e+03   3.0389185e+06   4.5757714e+03
   1.0160000e+03   3.0333993e+06   1.2370986e+04
   1.0240000e+03   3.0317058e+06   1.2253502e+04
   1.0320000e+03   3.0289713e+06  -8.9215095e+02
   1.0400000e+03   3.0152416e+06  -3.1193398e+03
   1.0480000e+03   3.0142874e+06   1.6500589e+03
   1.0560000e+03   3.0107195e+06   6.7246296e+03
   1.0640000e+03   3.0041542e+06   1.1219198e+04
   1.0720000e+03   2.9968102e+06   1.5404811e+03
   1.0800000e+03   2.9841039e+06  -7.5538614e+03
   1.0880000e+03   2.9976488e+06   5.1431259e+02
   1.0960000e+03   2.9925292e+06  -5.3154300e+03
   1.1040000e+03   2.9960443e+06   3.8869873e+03
   1.1120000e+03   2.9925329e+06  -6.0335585e+03
   1.1200000e+03   2.9905034e+06  -3.3244079e+03
   1.1280000e+03   2.9913717e+06  -7.5540755e+02
   1.1360000e+03   2.9954917e+06   3.7062369e+03
   1.1440000e+03   3.0017175e+06   3.1116886e+03
   1.1520000e+03   2.9930453e+06  -1.0529833e+02
   1.1600000e+03   2.9983659e+06  -2.0495681e+03
   1.1680000e+03   2.9944938e+06   6.0249273e+03
   1.1760000e+03   2.9992271e+06   4.9718688e+02
   1.1840000e+03   3.0022151e+06   4.4687602e+03
   1.1920000e+03   2.9987021e+06   7.3193418e+03
   1.2000000e+03   2.9891232e+06  -6.2132319e+02
   1.2080000e+03   2.9841988e+06  -7.6099824e+02
   1.2160000e+03   2.9871973e+06   1.1481120e+03
   1.2240000e+03   2.9891809e+06  -5.6647211e+03
   1.2320000e+03   2.9877336e+06   3.9391672e+03
   1.2400000e+03   2.9828199e+06  -1.0941050e+04
   1.2480000e+03   2.9783605e+06  -1.2159729e+04
   1.2560000e+03   2.9856367e+06  -9.1130583e+03
   1.2640000e+03   2.9830963e+06   2.8952264e+03
   1.2720000e+03   2.9794909e+06  -6.0525957e+03
   1.2800000e+03   2.9786594e+06  -3.2116348e+03
   1.2880000e+03   2.9690266e+06  -7.9134281e+02
   1.2960000e+03   2.9760680e+06   3.5783758e+03
   1.3040000e+03   2.9738024e+06   2.8871515e+03
   1.3120000e+03   2.9694115e+06  -3.9900566e+03
   1.3200000e+03   2.9630184e+06   2.7660474e+03
   1.3280000e+03   2.9577405e+06   1.5846782e+03
   1.3360000e+03   2.9595780e+06  -5.0274890e+03
   1.3440000e+03   2.9506999e+06  -4.2759251e+03
   1.3520000e+03   2.9425329e+06  -4.0889688e+03
   1.3600000e+03   2.9422260e+06  -6.7670857e+03
   1.3680000e+03   2.9479057e+06  -1.2076111e+04
   1.3760000e+03   2.9388685e+06  -1.1299748e+04
   1.3840000e+03   2.9395326e+06  -1.5437988e+04
   1.3920000e+03   2.9328226e+06  -2.3559279e+04
   1.4000000e+03   2.9275275e+06  -2.5700170e+04
   1.4080000e+03   2.9286730e+06  -2.4918260e+04
   1.4160000e+03   2.9239889e+06  -1.6147240e+04
   1.4240000e+03   2.9203157e+06  -1.1406485e+04
   1.4320000e+03   2.9236128e+06  -9.7865204e+03
