  -1.2000000e+02   6.6910711e-01   0.0000000e+00
  -1.1200000e+02   6.6886283e-01   0.0000000e+00
  -1.0400000e+02   6.6861865e-01   0.0000000e+00
  -9.6000000e+01   6.6837455e-01   0.0000000e+00
  -8.8000000e+01   6.6813055e-01   0.0000000e+00
  -8.0000000e+01   6.6788663e-01   0.0000000e+00
  -7.2000000e+01   6.6764280e-01   0.0000000e+00
  -6.4000000e+01   6.6739906e-01   0.0000000e+00
  -5.6000000e+01   6.6715541e-01   0.0000000e+00
  -4.8000000e+01   6.6691185e-01   0.0000000e+00
  -4.0000000e+01   6.6666838e-01   0.0000000e+00
  -3.2000000e+01   6.6642499e-01   0.0000000e+00
  -2.4000000e+01   6.6618170e-01   0.0000000e+00
  -1.6000000e+01   6.6593849e-01   0.0000000e+00
  -8.0000000e+00   6.6569538e-01   0.0000000e+00
   0.0000000e+00   6.6545235e-01   0.0000000e+00
   8.0000000e+00   6.6520941e-01   0.0000000e+00
   1.6000000e+01   6.6496656e-01   0.0000000e+00
   2.4000000e+01   6.6472379e-01   0.0000000e+00
   3.2000000e+01   6.6448112e-01   0.0000000e+00
   4.0000000e+01   6.6423854e-01   0.0000000e+00
   4.8000000e+01   6.6399604e-01   0.0000000e+00
   5.6000000e+01   6.6375363e-01   0.0000000e+00
   6.4000000e+01   6.6351131e-01   0.0000000e+00
   7.2000000e+01   6.6326908e-01   0.0000000e+00
   8.0000000e+01   6.6302694e-01   0.0000000e+00
   8.8000000e+01   6.6278488e-01   0.0000000e+00
   9.6000000e+01   6.6254292e-01   0.0000000e+00
   1.0400000e+02   6.6230104e-01   0.0000000e+00
   1.1200000e+02   6.6205925e-01   0.0000000e+00
   1.2000000e+02   6.6181755e-01   0.0000000e+00
   1.2800000e+02   6.6157594e-01   0.0000000e+00
   1.3600000e+02   6.6133441e-01   0.0000000e+00
   1.4400000e+02   6.6109298e-01   0.0000000e+00
   1.5200000e+02   6.6085163e-01   0.0000000e+00
   1.6000000e+02   6.6061037e-01   0.0000000e+00
   1.6800000e+02   6.6036920e-01   0.0000000e+00
   1.7600000e+02   6.6012811e-01   0.0000000e+00
   1.8400000e+02   6.5988712e-01   0.0000000e+00
   1.9200000e+02   6.5964621e-01   0.0000000e+00
   2.0000000e+02   6.5940539e-01   0.0000000e+00
   2.0800000e+02   6.5916466e-01   0.0000000e+00
   2.1600000e+02   6.5892401e-01   0.0000000e+00
   2.2400000e+02   6.5868346e-01   0.0000000e+00
   2.3200000e+02   6.5844299e-01   0.0000000e+00
   2.4000000e+02   6.5820261e-01   0.0000000e+00
   2.4800000e+02   6.5796231e-01   0.0000000e+00
   2.5600000e+02   6.5772211e-01   0.0000000e+00
   2.6400000e+02   6.5748199e-01   0.0000000e+00
   2.7200000e+02   6.5724196e-01   0.0000000e+00
   2.8000000e+02   6.5700202e-01   0.0000000e+00
   2.8800000e+02   6.5676216e-01   0.0000000e+00
   2.9600000e+02   6.5652240e-01   0.0000000e+00
   3.0400000e+02   6.5628272e-01   0.0000000e+00
   3.1200000e+02   6.5604312e-01   0.0000000e+00
   3.2000000e+02   6.5580362e-01   0.0000000e+00
   3.2800000e+02   6.5556420e-01   0.0000000e+00
   3.3600000e+02   6.5532487e-01   0.0000000e+00
   3.4400000e+02   6.5508563e-01   0.0000000e+00
   3.5200000e+02   6.5484648e-01   0.0000000e+00
   3.6000000e+02   6.5460741e-01   0.0000000e+00
   3.6800000e+02   6.5436843e-01   0.0000000e+00
   3.7600000e+02   6.5412953e-01   0.0000000e+00
   3.8400000e+02   6.5389073e-01   0.0000000e+00
   3.9200000e+02   6.5365201e-01   0.0000000e+00
   4.0000000e+02   6.5341338e-01   0.0000000e+00
   4.0800000e+02   6.5317483e-01   0.0000000e+00
   4.1600000e+02   6.5293638e-01   0.0000000e+00
   4.2400000e+02   6.5269801e-01   0.0000000e+00
   4.3200000e+02   6.5245972e-01   0.0000000e+00
   4.4000000e+02   6.5222153e-01   0.0000000e+00
   4.4800000e+02   6.5198342e-01   0.0000000e+00
   4.5600000e+02   6.5174539e-01   0.0000000e+00
   4.6400000e+02   6.5150746e-01   0.0000000e+00
   4.7200000e+02   6.5126961e-01   0.0000000e+00
   4.8000000e+02   6.5103185e-01   0.0000000e+00
   4.8800000e+02   6.5079417e-01   0.0000000e+00
   4.9600000e+02   6.5055658e-01   0.0000000e+00
   5.0400000e+02   6.5031908e-01   0.0000000e+00
   5.1200000e+02   6.5008167e-01   0.0000000e+00
   5.2000000e+02   6.4984434e-01   0.0000000e+00
   5.2800000e+02   6.4960710e-01   0.0000000e+00
   5.3600000e+02   6.4936994e-01   0.0000000e+00
   5.4400000e+02   6.4913287e-01   0.0000000e+00
   5.5200000e+02   6.4889589e-01   0.0000000e+00
   5.6000000e+02   6.4865900e-01   0.0000000e+00
   5.6800000e+02   6.4842219e-01   0.0000000e+00
   5.7600000e+02   6.4818547e-01   0.0000000e+00
   5.8400000e+02   6.4794883e-01   0.0000000e+00
   5.9200000e+02   6.4771228e-01   0.0000000e+00
   6.0000000e+02   6.4747582e-01   0.0000000e+00
   6.0800000e+02   6.4723944e-01   0.0000000e+00
   6.1600000e+02   6.4700315e-01   0.0000000e+00
   6.2400000e+02   6.4676695e-01   0.0000000e+00
   6.3200000e+02   6.4653083e-01   0.0000000e+00
   6.4000000e+02   6.4629480e-01   0.0000000e+00
   6.4800000e+02   6.4605885e-01   0.0000000e+00
   6.5600000e+02   6.4582299e-01   0.0000000e+00
   6.6400000e+02   6.4558722e-01   0.0000000e+00
   6.7200000e+02   6.4535153e-01   0.0000000e+00
   6.8000000e+02   6.4511593e-01   0.0000000e+00
   6.8800000e+02   6.4488041e-01   0.0000000e+00
   6.9600000e+02   6.4464498e-01   0.0000000e+00
   7.0400000e+02   6.4440964e-01   0.0000000e+00
   7.1200000e+02   6.4417438e-01   0.0000000e+00
   7.2000000e+02   6.4393921e-01   0.0000000e+00
   7.2800000e+02   6.4370412e-01   0.0000000e+00
   7.3600000e+02   6.4346912e-01   0.0000000e+00
   7.4400000e+02   6.4323421e-01   0.0000000e+00
   7.5200000e+02   6.4299938e-01   0.0000000e+00
   7.6000000e+02   6.4276464e-01   0.0000000e+00
   7.6800000e+02   6.4252998e-01   0.0000000e+00
   7.7600000e+02   6.4229541e-01   0.0000000e+00
   7.8400000e+02   6.4206093e-01   0.0000000e+00
   7.9200000e+02   6.4182653e-01   0.0000000e+00
   8.0000000e+02   6.4159221e-01   0.0000000e+00
   8.0800000e+02   6.4135798e-01   0.0000000e+00
   8.1600000e+02   6.4112384e-01   0.0000000e+00
   8.2400000e+02   6.4088978e-01   0.0000000e+00
   8.3200000e+02   6.4065581e-01   0.0000000e+00
   8.4000000e+02   6.4042192e-01   0.0000000e+00
   8.4800000e+02   6.4018812e-01   0.0000000e+00
   8.5600000e+02   6.3995440e-01   0.0000000e+00
   8.6400000e+02   6.3972077e-01   0.0000000e+00
   8.7200000e+02   6.3948723e-01   0.0000000e+00
   8.8000000e+02   6.3925377e-01   0.0000000e+00
   8.8800000e+02   6.3902039e-01   0.0000000e+00
   8.9600000e+02   6.3878710e-01   0.0000000e+00
   9.0400000e+02   6.3855390e-01   0.0000000e+00
   9.1200000e+02   6.3832078e-01   0.0000000e+00
