   0.0000000e+00   5.3074350e+06   3.0041661e+03
   8.0000000e+00   5.2666613e+06  -1.2235587e+03
   1.6000000e+01   5.2958000e+06  -4.4014150e+03
   2.4000000e+01   5.3394896e+06  -2.1962870e+04
   3.2000000e+01   5.3988280e+06  -2.4944470e+04
   4.0000000e+01   5.4906429e+06  -2.9852386e+04
   4.8000000e+01   5.5955919e+06  -4.7586374e+04
   5.6000000e+01   5.7528346e+06  -6.3445284e+04
   6.4000000e+01   5.9316588e+06  -7.2709760e+04
   7.2000000e+01   6.1588544e+06  -9.0560819e+04
   8.0000000e+01   6.3833209e+06  -1.0350490e+05
   8.8000000e+01   6.6308189e+06  -1.0908717e+05
   9.6000000e+01   6.8636061e+06  -1.1086120e+05
   1.0400000e+02   7.0560347e+06  -9.4797367e+04
   1.1200000e+02   7.1955187e+06  -7.9540717e+04
   1.2000000e+02   7.2674457e+06  -5.6266886e+04
   1.2800000e+02   7.2636018e+06  -2.8444165e+04
   1.3600000e+02   7.1832207e+06   1.1310269e+03
   1.4400000e+02   7.0590009e+06   3.8901439e+04
   1.5200000e+02   6.8772451e+06   5.7857580e+04
   1.6000000e+02   6.6549002e+06   6.8320924e+04
   1.6800000e+02   6.4154246e+06   8.8174842e+04
   1.7600000e+02   6.1976256e+06   7.0333461e+04
   1.8400000e+02   5.9769475e+06   7.1051278e+04
   1.9200000e+02   5.7806436e+06   5.6873584e+04
   2.0000000e+02   5.6239548e+06   4.9554919e+04
   2.0800000e+02   5.4952270e+06   4.4590129e+04
   2.1600000e+02   5.4103960e+06   3.1468657e+04
   2.2400000e+02   5.3444354e+06   2.7722447e+04
   2.3200000e+02   5.3048441e+06   1.1142669e+04
   2.4000000e+02   5.2773434e+06   1.2764378e+04
   2.4800000e+02   5.2887792e+06  -1.5109822e+03
   2.5600000e+02   5.2844731e+06   4.4394210e+03
   2.6400000e+02   5.2967972e+06  -1.9279687e+03
   2.7200000e+02   5.3230518e+06  -9.2368377e+03
   2.8000000e+02   5.3586570e+06  -4.3324895e+03
   2.8800000e+02   5.3953969e+06  -1.3968690e+04
   2.9600000e+02   5.4343656e+06   3.4211788e+03
   3.0400000e+02   5.4734747e+06   6.5828813e+03
   3.1200000e+02   5.5015071e+06  -4.8885311e+03
   3.2000000e+02   5.5554131e+06  -5.2591732e+03
   3.2800000e+02   5.5681238e+06  -3.5847920e+03
   3.3600000e+02   5.5872523e+06   6.8532518e+03
   3.4400000e+02   5.5989814e+06   7.4162296e+03
   3.5200000e+02   5.6050341e+06   2.6067898e+03
   3.6000000e+02   5.5973287e+06   1.7074024e+03
   3.6800000e+02   5.5888613e+06   1.3991651e+04
   3.7600000e+02   5.5818418e+06   2.3852306e+04
   3.8400000e+02   5.5688209e+06   1.3797102e+04
   3.9200000e+02   5.5477646e+06   7.9545565e+03
   4.0000000e+02   5.5384356e+06   8.2728407e+03
   4.0800000e+02   5.5137605e+06   1.4126081e+04
   4.1600000e+02   5.5171934e+06   2.1906317e+04
   4.2400000e+02   5.5013706e+06   7.2108485e+03
   4.3200000e+02   5.4971974e+06   2.2159784e+04
   4.4000000e+02   5.4965640e+06   1.4091278e+04
   4.4800000e+02   5.5006362e+06   3.7824120e+03
   4.5600000e+02   5.5017774e+06  -3.1792566e+02
   4.6400000e+02   5.5002251e+06   1.1057217e+04
   4.7200000e+02   5.5115514e+06   2.9436295e+03
   4.8000000e+02   5.5116647e+06   3.0717904e+03
   4.8800000e+02   5.5228536e+06   1.1853160e+04
   4.9600000e+02   5.5272382e+06   7.6503267e+03
   5.0400000e+02   5.5370751e+06   1.5074629e+04
   5.1200000e+02   5.5363057e+06   1.7428952e+04
   5.2000000e+02   5.5347008e+06   3.8843763e+03
   5.2800000e+02   5.5426991e+06   9.1827380e+03
   5.3600000e+02   5.5358364e+06   1.2150178e+04
   5.4400000e+02   5.5396141e+06   7.0954989e+03
   5.5200000e+02   5.5270751e+06   1.0755477e+04
   5.6000000e+02   5.5247965e+06   1.8345240e+03
   5.6800000e+02   5.5196282e+06   4.9539343e+03
   5.7600000e+02   5.5154658e+06   1.6007331e+04
   5.8400000e+02   5.5009638e+06   9.3868947e+03
   5.9200000e+02   5.4889366e+06   2.0818374e+04
   6.0000000e+02   5.4762402e+06   1.7700139e+03
   6.0800000e+02   5.4739306e+06   7.1634778e+03
   6.1600000e+02   5.4606826e+06   2.0979765e+04
   6.2400000e+02   5.4646141e+06   1.7135566e+04
   6.3200000e+02   5.4539567e+06  -1.3884646e+03
   6.4000000e+02   5.4522817e+06   9.4496242e+03
   6.4800000e+02   5.4419555e+06   9.2140289e+02
   6.5600000e+02   5.4505331e+06   8.8979026e+03
   6.6400000e+02   5.4602889e+06   1.2658085e+04
   6.7200000e+02   5.4554854e+06   1.4665860e+04
   6.8000000e+02   5.4655603e+06   1.4103529e+04
   6.8800000e+02   5.4543291e+06   2.9904815e+03
   6.9600000e+02   5.4706504e+06   5.3092753e+03
   7.0400000e+02   5.4715884e+06   9.0366304e+03
   7.1200000e+02   5.4835320e+06   1.2841203e+04
   7.2000000e+02   5.4776164e+06   2.3522120e+03
   7.2800000e+02   5.4779411e+06   1.4607918e+04
   7.3600000e+02   5.4918248e+06   5.7270644e+03
   7.4400000e+02   5.4867746e+06   1.9548931e+04
   7.5200000e+02   5.4916428e+06   1.0527244e+04
   7.6000000e+02   5.4858779e+06   1.3554791e+04
   7.6800000e+02   5.4905920e+06   9.0514841e+03
   7.7600000e+02   5.4828239e+06   2.1057374e+03
   7.8400000e+02   5.4785492e+06   1.9794136e+04
   7.9200000e+02   5.4801077e+06   1.4131680e+04
   8.0000000e+02   5.4765663e+06   5.5449438e+03
   8.0800000e+02   5.4709626e+06   1.3410548e+03
   8.1600000e+02   5.4669541e+06   1.2033423e+04
   8.2400000e+02   5.4652766e+06   1.3370506e+04
   8.3200000e+02   5.4651878e+06   1.7825203e+04
   8.4000000e+02   5.4632684e+06   1.4568950e+04
   8.4800000e+02   5.4505642e+06   5.1248927e+03
   8.5600000e+02   5.4482023e+06   7.9898691e+03
   8.6400000e+02   5.4476047e+06   9.0784124e+03
   8.7200000e+02   5.4369040e+06  -2.8103723e+03
   8.8000000e+02   5.4524183e+06   1.1397782e+04
   8.8800000e+02   5.4389262e+06   1.1801939e+04
   8.9600000e+02   5.4332513e+06   1.2588472e+04
   9.0400000e+02   5.4362116e+06   1.1105730e+04
   9.1200000e+02   5.4382063e+06   1.9030424e+03
   9.2000000e+02   5.4267008e+06   3.0119207e+03
   9.2800000e+02   5.4263741e+06   7.6307193e+03
   9.3600000e+02   5.4241063e+06   4.0512179e+03
   9.4400000e+02   5.4338685e+06   4.3281104e+03
   9.5200000e+02   5.4347165e+06  -2.8827788e+03
   9.6000000e+02   5.4278988e+06  -4.2778952e+03
   9.6800000e+02   5.4237508e+06   7.1402567e+03
   9.7600000e+02   5.4329252e+06   2.5575214e+03
   9.8400000e+02   5.4267805e+06   1.0159204e+04
   9.9200000e+02   5.4373219e+06   8.5086614e+03
   1.0000000e+03   5.4326191e+06  -4.0888453e+03
   1.0080000e+03   5.4386331e+06   5.6273945e+03
   1.0160000e+03   5.4355281e+06   9.5586091e+03
   1.0240000e+03   5.4275011e+06   1.0407964e+04
   1.0320000e+03   5.4326510e+06  -2.5211487e+03
