  -1.2000000e+02   7.6934123e-01   0.0000000e+00
  -1.1200000e+02   7.6916018e-01   0.0000000e+00
  -1.0400000e+02   7.6897918e-01   0.0000000e+00
  -9.6000000e+01   7.6879822e-01   0.0000000e+00
  -8.8000000e+01   7.6861730e-01   0.0000000e+00
  -8.0000000e+01   7.6843642e-01   0.0000000e+00
  -7.2000000e+01   7.6825559e-01   0.0000000e+00
  -6.4000000e+01   7.6807480e-01   0.0000000e+00
  -5.6000000e+01   7.6789405e-01   0.0000000e+00
  -4.8000000e+01   7.6771335e-01   0.0000000e+00
  -4.0000000e+01   7.6753268e-01   0.0000000e+00
  -3.2000000e+01   7.6735206e-01   0.0000000e+00
  -2.4000000e+01   7.6717148e-01   0.0000000e+00
  -1.6000000e+01   7.6699095e-01   0.0000000e+00
  -8.0000000e+00   7.6681046e-01   0.0000000e+00
   0.0000000e+00   7.6663001e-01   0.0000000e+00
   8.0000000e+00   7.6644960e-01   0.0000000e+00
   1.6000000e+01   7.6626923e-01   0.0000000e+00
   2.4000000e+01   7.6608891e-01   0.0000000e+00
   3.2000000e+01   7.6590863e-01   0.0000000e+00
   4.0000000e+01   7.6572839e-01   0.0000000e+00
   4.8000000e+01   7.6554819e-01   0.0000000e+00
   5.6000000e+01   7.6536804e-01   0.0000000e+00
   6.4000000e+01   7.6518793e-01   0.0000000e+00
   7.2000000e+01   7.6500786e-01   0.0000000e+00
   8.0000000e+01   7.6482783e-01   0.0000000e+00
   8.8000000e+01   7.6464785e-01   0.0000000e+00
   9.6000000e+01   7.6446791e-01   0.0000000e+00
   1.0400000e+02   7.6428801e-01   0.0000000e+00
   1.1200000e+02   7.6410815e-01   0.0000000e+00
   1.2000000e+02   7.6392834e-01   0.0000000e+00
   1.2800000e+02   7.6374857e-01   0.0000000e+00
   1.3600000e+02   7.6356884e-01   0.0000000e+00
   1.4400000e+02   7.6338915e-01   0.0000000e+00
   1.5200000e+02   7.6320950e-01   0.0000000e+00
   1.6000000e+02   7.6302990e-01   0.0000000e+00
   1.6800000e+02   7.6285034e-01   0.0000000e+00
   1.7600000e+02   7.6267082e-01   0.0000000e+00
   1.8400000e+02   7.6249134e-01   0.0000000e+00
   1.9200000e+02   7.6231191e-01   0.0000000e+00
   2.0000000e+02   7.6213252e-01   0.0000000e+00
   2.0800000e+02   7.6195317e-01   0.0000000e+00
   2.1600000e+02   7.6177386e-01   0.0000000e+00
   2.2400000e+02   7.6159459e-01   0.0000000e+00
   2.3200000e+02   7.6141537e-01   0.0000000e+00
   2.4000000e+02   7.6123619e-01   0.0000000e+00
   2.4800000e+02   7.6105705e-01   0.0000000e+00
   2.5600000e+02   7.6087796e-01   0.0000000e+00
   2.6400000e+02   7.6069890e-01   0.0000000e+00
   2.7200000e+02   7.6051989e-01   0.0000000e+00
   2.8000000e+02   7.6034092e-01   0.0000000e+00
   2.8800000e+02   7.6016199e-01   0.0000000e+00
   2.9600000e+02   7.5998310e-01   0.0000000e+00
   3.0400000e+02   7.5980426e-01   0.0000000e+00
   3.1200000e+02   7.5962546e-01   0.0000000e+00
   3.2000000e+02   7.5944670e-01   0.0000000e+00
   3.2800000e+02   7.5926798e-01   0.0000000e+00
   3.3600000e+02   7.5908931e-01   0.0000000e+00
   3.4400000e+02   7.5891067e-01   0.0000000e+00
   3.5200000e+02   7.5873208e-01   0.0000000e+00
   3.6000000e+02   7.5855353e-01   0.0000000e+00
   3.6800000e+02   7.5837502e-01   0.0000000e+00
   3.7600000e+02   7.5819656e-01   0.0000000e+00
   3.8400000e+02   7.5801813e-01   0.0000000e+00
   3.9200000e+02   7.5783975e-01   0.0000000e+00
   4.0000000e+02   7.5766141e-01   0.0000000e+00
   4.0800000e+02   7.5748312e-01   0.0000000e+00
   4.1600000e+02   7.5730486e-01   0.0000000e+00
   4.2400000e+02   7.5712665e-01   0.0000000e+00
   4.3200000e+02   7.5694848e-01   0.0000000e+00
   4.4000000e+02   7.5677035e-01   0.0000000e+00
   4.4800000e+02   7.5659226e-01   0.0000000e+00
   4.5600000e+02   7.5641421e-01   0.0000000e+00
   4.6400000e+02   7.5623621e-01   0.0000000e+00
   4.7200000e+02   7.5605825e-01   0.0000000e+00
   4.8000000e+02   7.5588033e-01   0.0000000e+00
   4.8800000e+02   7.5570245e-01   0.0000000e+00
   4.9600000e+02   7.5552461e-01   0.0000000e+00
   5.0400000e+02   7.5534682e-01   0.0000000e+00
   5.1200000e+02   7.5516906e-01   0.0000000e+00
   5.2000000e+02   7.5499135e-01   0.0000000e+00
   5.2800000e+02   7.5481368e-01   0.0000000e+00
   5.3600000e+02   7.5463606e-01   0.0000000e+00
   5.4400000e+02   7.5445847e-01   0.0000000e+00
   5.5200000e+02   7.5428093e-01   0.0000000e+00
   5.6000000e+02   7.5410342e-01   0.0000000e+00
   5.6800000e+02   7.5392596e-01   0.0000000e+00
   5.7600000e+02   7.5374855e-01   0.0000000e+00
   5.8400000e+02   7.5357117e-01   0.0000000e+00
   5.9200000e+02   7.5339383e-01   0.0000000e+00
   6.0000000e+02   7.5321654e-01   0.0000000e+00
   6.0800000e+02   7.5303929e-01   0.0000000e+00
   6.1600000e+02   7.5286208e-01   0.0000000e+00
   6.2400000e+02   7.5268491e-01   0.0000000e+00
   6.3200000e+02   7.5250778e-01   0.0000000e+00
   6.4000000e+02   7.5233070e-01   0.0000000e+00
   6.4800000e+02   7.5215366e-01   0.0000000e+00
   6.5600000e+02   7.5197666e-01   0.0000000e+00
   6.6400000e+02   7.5179970e-01   0.0000000e+00
   6.7200000e+02   7.5162278e-01   0.0000000e+00
   6.8000000e+02   7.5144590e-01   0.0000000e+00
   6.8800000e+02   7.5126907e-01   0.0000000e+00
   6.9600000e+02   7.5109227e-01   0.0000000e+00
   7.0400000e+02   7.5091552e-01   0.0000000e+00
   7.1200000e+02   7.5073881e-01   0.0000000e+00
   7.2000000e+02   7.5056214e-01   0.0000000e+00
   7.2800000e+02   7.5038552e-01   0.0000000e+00
   7.3600000e+02   7.5020893e-01   0.0000000e+00
   7.4400000e+02   7.5003239e-01   0.0000000e+00
   7.5200000e+02   7.4985588e-01   0.0000000e+00
   7.6000000e+02   7.4967942e-01   0.0000000e+00
   7.6800000e+02   7.4950301e-01   0.0000000e+00
   7.7600000e+02   7.4932663e-01   0.0000000e+00
   7.8400000e+02   7.4915029e-01   0.0000000e+00
   7.9200000e+02   7.4897400e-01   0.0000000e+00
   8.0000000e+02   7.4879774e-01   0.0000000e+00
   8.0800000e+02   7.4862153e-01   0.0000000e+00
   8.1600000e+02   7.4844536e-01   0.0000000e+00
   8.2400000e+02   7.4826923e-01   0.0000000e+00
   8.3200000e+02   7.4809315e-01   0.0000000e+00
   8.4000000e+02   7.4791710e-01   0.0000000e+00
   8.4800000e+02   7.4774110e-01   0.0000000e+00
   8.5600000e+02   7.4756513e-01   0.0000000e+00
   8.6400000e+02   7.4738921e-01   0.0000000e+00
   8.7200000e+02   7.4721333e-01   0.0000000e+00
   8.8000000e+02   7.4703749e-01   0.0000000e+00
   8.8800000e+02   7.4686169e-01   0.0000000e+00
   8.9600000e+02   7.4668594e-01   0.0000000e+00
   9.0400000e+02   7.4651022e-01   0.0000000e+00
   9.1200000e+02   7.4633455e-01   0.0000000e+00
