% signal t-range:	0.0000000	912.00000
% breakpoint	1	1.9429825
% svcs	1	0	0	0
% svcs	2	10	35	35
1.0000000	0.000018317146	0.000018317146	0.000018317146
1.0438596	0.000020762777	0.000020762777	0.000020762777
1.0877193	0.000023377851	0.000023377851	0.000023377851
1.1315789	0.000026247481	0.000026247481	0.000026247481
1.1754386	0.000029334986	0.000029334986	0.000029334986
1.2192982	0.000032647066	0.000032647066	0.000032647066
1.2631579	0.000036278546	0.000036278546	0.000036278546
1.3070175	0.000040108749	0.000040108749	0.000040108749
1.3508772	0.000044188213	0.000044188213	0.000044188213
1.3947368	0.000048436696	0.000048436696	0.000048436696
1.4385965	0.000053177589	0.000053177589	0.000053177589
1.4824561	0.000057976839	0.000057976839	0.000057976839
1.5263158	0.000063136380	0.000063136380	0.000063136380
1.5701754	0.000068634598	0.000068634598	0.000068634598
1.6140351	0.000074436643	0.000074436643	0.000074436643
1.6578947	0.000080644595	0.000080644595	0.000080644595
1.7017544	0.000087291940	0.000087291940	0.000087291940
1.7456140	0.000093959751	0.000093959751	0.000093959751
1.7894737	0.00010101360	0.00010101360	0.00010101360
1.8333333	0.00010881119	0.00010881119	0.00010881119
1.8771930	0.00011631749	0.00011631749	0.00011631749
1.9210526	0.00012497332	0.00012497332	0.00012497332
1.9649123	0.0079773972	0.0027804396	0.013545293
2.0087719	0.021049172	0.019001050	0.026794073
2.0526316	0.039915028	0.035775510	0.047264554
2.0964912	0.061246783	0.051684663	0.061274063
2.1403509	0.073493363	0.065728891	0.073493363
2.1842105	0.078312031	0.072948918	0.083452422
2.2280702	0.072444308	0.070148416	0.074792768
2.2719298	0.062377275	0.059112279	0.064232904
2.3157895	0.050578435	0.049380633	0.053022311
2.3596491	0.046513651	0.046513651	0.049830215
2.4035088	0.049163594	0.049030856	0.051774046
2.4473684	0.051650432	0.051384436	0.052730878
2.4912281	0.049864456	0.048999869	0.050437860
2.5350877	0.043407315	0.041275883	0.043814438
2.5789474	0.034318637	0.032087820	0.034748987
2.6228070	0.024899201	0.024068644	0.025072583
2.6666667	0.016821374	0.016385148	0.018065339
2.7105263	0.010927447	0.010719463	0.013219491
2.7543860	0.0070632702	0.0070632702	0.0086433370
2.7982456	0.0045187373	0.0043298470	0.0049709389
2.8421053	0.0027919078	0.0014804960	0.0031016178
2.8859649	0.0018381773	0.00020785016	0.0018394107
2.9298246	0.0017271789	0.00048884223	0.0017271789
2.9736842	0.0022685220	0.0016338989	0.0022685220
3.0175439	0.0029889338	0.0025240667	0.0030050320
3.0614035	0.0033838128	0.0030085579	0.0036229879
3.1052632	0.0031713497	0.0029770765	0.0037287312
3.1491228	0.0023773247	0.0023773247	0.0032585653
3.1929825	0.0012529373	0.0012529373	0.0024351830
3.2368421	0.00012174784	0.00012174784	0.0015010133
3.2807018	-0.00075158030	-0.00075158030	0.00064618639
3.3245614	-0.0012269473	-0.0012269473	-0.000016053046
3.3684211	-0.0012910350	-0.0012910350	-0.00044308271
3.4122807	-0.0010211696	-0.0010211696	-0.00058621209
3.4561404	-0.00053794233	-0.00065346552	-0.00040983891
3.5000000	0.000035051275	0.0000000	0.000035051275
3.5438596	0.00059659663	0.0000000	0.00059659663
3.5877193	0.0010784025	0.0000000	0.0010784025
3.6315789	0.0014447455	0.00023982430	0.0014447455
3.6754386	0.0016860384	0.00050118449	0.0016860384
3.7192982	0.0018103209	0.00072842017	0.0018103209
3.7631579	0.0018352681	0.00091007394	0.0018352681
3.8070175	0.0017819896	0.0010402559	0.0017819896
3.8508772	0.0016709382	0.0011173911	0.0016709382
3.8947368	0.0015196937	0.0011431292	0.0015196937
3.9385965	0.0013421483	0.0011214256	0.0013421483
3.9824561	0.0011485956	0.0010458359	0.0011485956
4.0263158	0.00094629865	0.00090954671	0.00095863512
4.0701754	0.00074023100	0.00074023100	0.00083084805
4.1140351	0.00053379823	0.00053379823	0.00068133549
4.1578947	0.00032943846	0.00032943846	0.00051676200
4.2017544	0.00012906565	0.00012906565	0.00034332926
4.2456140	-0.000065640736	-0.000065640736	0.00016663135
4.2894737	-0.00025307475	-0.00025307475	-0.0000084317702
4.3333333	-0.00043163937	-0.00043163937	-0.00017769331
4.3771930	-0.00059974627	-0.00059974627	-0.00033772112
4.4210526	-0.00075585259	-0.00075585259	-0.00048579086
4.4649123	-0.00089851384	-0.00089851384	-0.00061983892
4.5087719	-0.0010264381	-0.0010264381	-0.00073840192
4.5526316	-0.0011385328	-0.0011385328	-0.00084054870
4.5964912	-0.0012339382	-0.0012339382	-0.00092580922
4.6403509	-0.0013120480	-0.0013120480	-0.00099410387
4.6842105	-0.0013725150	-0.0013725150	-0.0010456759
4.7280702	-0.0014152459	-0.0014152459	-0.0010810285
4.7719298	-0.0014403859	-0.0014403859	-0.0011008676
4.8157895	-0.0014482966	-0.0014482966	-0.0011060513
4.8596491	-0.0014395294	-0.0014395294	-0.0010975456
4.9035088	-0.0014147959	-0.0014147959	-0.0010763867
4.9473684	-0.0013749384	-0.0013749384	-0.0010436491
4.9912281	-0.0013209001	-0.0013209001	-0.0010004196
5.0350877	-0.0012536980	-0.0012536980	-0.00094777594
5.0789474	-0.0011743967	-0.0011743967	-0.00088677052
5.1228070	-0.0010840867	-0.0010840867	-0.00081841725
5.1666667	-0.00098386408	-0.00098386408	-0.00074368228
5.2105263	-0.00087481384	-0.00087481384	-0.00066347731
5.2543860	-0.00075799638	-0.00075799638	-0.00057865532
5.2982456	-0.00063443609	-0.00063443609	-0.00049000821
5.3421053	-0.00050511278	-0.00050511278	-0.00039826597
5.3859649	-0.00037095519	-0.00037095519	-0.00030409709
5.4298246	-0.00023283647	-0.00024283720	-0.00020810994
5.4736842	-0.000091571330	-0.00011698334	-0.000091571330
5.5175439	0.000052085414	0.0000000	0.000052085414
5.5614035	0.00019743912	0.000085531853	0.00019743912
5.6052632	0.00034385466	0.00018382786	0.00034385466
5.6491228	0.00049075497	0.00028171398	0.00049075497
5.6929825	0.00063761902	0.00037888552	0.00063761902
5.7368421	0.00078397943	0.00047507705	0.00078397943
5.7807018	0.00092941961	0.00057005913	0.00092941961
5.8245614	0.0010735709	0.00066363518	0.0010735709
5.8684211	0.0012161093	0.00075563848	0.0012161093
5.9122807	0.0013567525	0.00084592935	0.0013567525
5.9561404	0.0014952569	0.00093439246	0.0014952569
6.0000000	0.0016314140	0.0010209344	0.0016314140
