% signal t-range:	0.0000000	912.00000
% breakpoint	1	2.0276204
% svcs	1	0	0	0
% svcs	2	15	34	34
1.0000000	0.0000079955046	0.0000079955046	0.0000079955046
1.0438596	0.0000090630320	0.0000090630320	0.0000090630320
1.0877193	0.000010204522	0.000010204522	0.000010204522
1.1315789	0.000011457126	0.000011457126	0.000011457126
1.1754386	0.000012804834	0.000012804834	0.000012804834
1.2192982	0.000014250570	0.000014250570	0.000014250570
1.2631579	0.000015835725	0.000015835725	0.000015835725
1.3070175	0.000017507623	0.000017507623	0.000017507623
1.3508772	0.000019288325	0.000019288325	0.000019288325
1.3947368	0.000021142804	0.000021142804	0.000021142804
1.4385965	0.000023212222	0.000023212222	0.000023212222
1.4824561	0.000025307113	0.000025307113	0.000025307113
1.5263158	0.000027559273	0.000027559273	0.000027559273
1.5701754	0.000029959266	0.000029959266	0.000029959266
1.6140351	0.000032491881	0.000032491881	0.000032491881
1.6578947	0.000035201676	0.000035201676	0.000035201676
1.7017544	0.000038103268	0.000038103268	0.000038103268
1.7456140	0.000041013792	0.000041013792	0.000041013792
1.7894737	0.000044092824	0.000044092824	0.000044092824
1.8333333	0.000047496501	0.000047496501	0.000047496501
1.8771930	0.000050773031	0.000050773031	0.000050773031
1.9210526	0.000054551336	0.000054551336	0.000054551336
1.9649123	0.000058185590	0.000058185590	0.000058185590
2.0087719	0.000062156091	0.000062156091	0.000062156091
2.0526316	0.013364570	0.012593532	0.016137579
2.0964912	0.035724928	0.031732090	0.036340774
2.1403509	0.045053025	0.043755306	0.045312473
2.1842105	0.044143549	0.043560797	0.046341381
2.2280702	0.039094092	0.039025460	0.039783922
2.2719298	0.033198799	0.031276234	0.033423911
2.3157895	0.029098732	0.028419360	0.029500318
2.3596491	0.029158888	0.029036261	0.030775368
2.4035088	0.033142536	0.032467997	0.034199791
2.4473684	0.035093210	0.034542052	0.035094080
2.4912281	0.031688582	0.031182105	0.032048202
2.5350877	0.025636412	0.025503682	0.026070867
2.5789474	0.019603712	0.019158047	0.019901325
2.6228070	0.013898036	0.013372152	0.014017576
2.6666667	0.0085750720	0.0083605778	0.0086631474
2.7105263	0.0042117635	0.0038653832	0.0048691438
2.7543860	0.0011690324	0.00090985756	0.0017462374
2.7982456	-0.00065263405	-0.00066053355	-0.00053282416
2.8421053	-0.0014675794	-0.0018259684	-0.0012303357
2.8859649	-0.0014227375	-0.0018622561	-0.0011416640
2.9298246	-0.00071410636	-0.0010008089	-0.00052399146
2.9736842	0.00030952787	0.00020352444	0.00037641068
3.0175439	0.0012252049	0.0011805161	0.0012314444
3.0614035	0.0017079856	0.0016290415	0.0017441993
3.1052632	0.0016458479	0.0015389876	0.0017220888
3.1491228	0.0011357221	0.00099882479	0.0012925524
3.1929825	0.00039494712	0.00021340732	0.00066364277
3.2368421	-0.00034458598	-0.00056327294	0.000028236920
3.2807018	-0.00091095458	-0.0011421341	-0.00048259305
3.3245614	-0.0012205253	-0.0014299218	-0.00080771776
3.3684211	-0.0012695431	-0.0014243136	-0.00094190150
3.4122807	-0.0011071887	-0.0011849342	-0.00091432182
3.4561404	-0.00080596978	-0.00080614507	-0.00076903088
3.5000000	-0.00043866757	-0.00055128940	-0.00035150568
3.5438596	-0.000064782634	-0.00030005308	0.000085836299
3.5877193	0.00027456128	0.0000000	0.00046714535
3.6315789	0.00055595986	0.00019255750	0.00076809554
3.6754386	0.00077010488	0.00039989396	0.00098184739
3.7192982	0.00091730977	0.00056938946	0.0011131662
3.7631579	0.0010034538	0.00069771064	0.0011730868
3.8070175	0.0010369058	0.00078435227	0.0011748833
3.8508772	0.0010265145	0.00083071651	0.0011314858
3.8947368	0.00098050306	0.00083949007	0.0010541692
3.9385965	0.00090601379	0.00081422725	0.00095188977
3.9824561	0.00080905507	0.00075906019	0.00083160536
4.0263158	0.00069465380	0.00067848098	0.00069907832
4.0701754	0.00056707741	0.00055654033	0.00057716316
4.1140351	0.00043004588	0.00040898669	0.00045980688
4.1578947	0.00028689571	0.00025831487	0.00033100294
4.2017544	0.00014068589	0.00010680930	0.00019511585
4.2456140	-0.0000057483522	-0.000043401812	0.000056188264
4.2894737	-0.00014978117	-0.00019028470	-0.000082131588
4.3333333	-0.00028900662	-0.00033189048	-0.00021663902
4.3771930	-0.00042126120	-0.00046637720	-0.00034459950
4.4210526	-0.00054464867	-0.00059204662	-0.00046375510
4.4649123	-0.00065756039	-0.00070738361	-0.00057231389
4.5087719	-0.00075868742	-0.00081109010	-0.00066892568
4.5526316	-0.00084702302	-0.00090210944	-0.00075264790
4.5964912	-0.00092185567	-0.00097963936	-0.00082290474
4.6403509	-0.00098275363	-0.0010431338	-0.00087944257
4.6842105	-0.0010295430	-0.0010922952	-0.00092228419
4.7280702	-0.0010622813	-0.0011270579	-0.00095168366
4.7719298	-0.0010812273	-0.0011475676	-0.00096808334
4.8157895	-0.0010868111	-0.0011541546	-0.00097207405
4.8596491	-0.0010796030	-0.0011473073	-0.00096435902
4.9035088	-0.0010602843	-0.0011276440	-0.00094572195
4.9473684	-0.0010296201	-0.0010958852	-0.00091699925
4.9912281	-0.00098843420	-0.0010528286	-0.00087905641
5.0350877	-0.00093758700	-0.00099932520	-0.00083276827
5.0789474	-0.00087795664	-0.00093625829	-0.00077900281
5.1228070	-0.00081042248	-0.00086452526	-0.00071860828
5.1666667	-0.00073585169	-0.00078502193	-0.00065240312
5.2105263	-0.00065508824	-0.00069862951	-0.00058116842
5.2543860	-0.00056894438	-0.00060620415	-0.00050564250
5.2982456	-0.00047819402	-0.00050856854	-0.00042651734
5.3421053	-0.00038356810	-0.00040650569	-0.00034443650
5.3859649	-0.00028575139	-0.00030075439	-0.00025999422
5.4298246	-0.00018538071	-0.00019200621	-0.00017373559
5.4736842	-0.000083044144	-0.000086157432	-0.000080824882
5.5175439	0.000020718713	0.0000022901619	0.000031959883
5.5614035	0.00012541594	0.000091201921	0.00014604101
5.6052632	0.00023060182	0.00018021511	0.00026084428
5.6491228	0.00033587500	0.00026900707	0.00037592127
5.6929825	0.00044087631	0.00035729261	0.00049086856
5.7368421	0.00054528643	0.00044482140	0.00060532553
5.7807018	0.00064882334	0.00053137530	0.00071897194
5.8245614	0.00075123982	0.00061676576	0.00083152544
5.8684211	0.00085232086	0.00070083135	0.00094273895
5.9122807	0.00095188116	0.00078343530	0.0010523981
5.9561404	0.0010497626	0.00086446325	0.0011603185
6.0000000	0.0011458320	0.00094382102	0.0012663437
