% signal t-range:	0.0000000	912.00000
% breakpoint	1	1.9185552
% svcs	1	0	0	0
% svcs	2	15	36	36
1.0000000	0.000026259517	0.000026259517	0.000026259517
1.0438596	0.000029765582	0.000029765582	0.000029765582
1.0877193	0.000033514559	0.000033514559	0.000033514559
1.1315789	0.000037628470	0.000037628470	0.000037628470
1.1754386	0.000042054727	0.000042054727	0.000042054727
1.2192982	0.000046802936	0.000046802936	0.000046802936
1.2631579	0.000052009036	0.000052009036	0.000052009036
1.3070175	0.000057500028	0.000057500028	0.000057500028
1.3508772	0.000063348359	0.000063348359	0.000063348359
1.3947368	0.000069438998	0.000069438998	0.000069438998
1.4385965	0.000076235556	0.000076235556	0.000076235556
1.4824561	0.000083115777	0.000083115777	0.000083115777
1.5263158	0.000090512510	0.000090512510	0.000090512510
1.5701754	0.000098394772	0.000098394772	0.000098394772
1.6140351	0.00010671260	0.00010671260	0.00010671260
1.6578947	0.00011561234	0.00011561234	0.00011561234
1.7017544	0.00012514200	0.00012514200	0.00012514200
1.7456140	0.00013470099	0.00013470099	0.00013470099
1.7894737	0.00014481341	0.00014481341	0.00014481341
1.8333333	0.00015599205	0.00015599205	0.00015599205
1.8771930	0.00016675311	0.00016675311	0.00016675311
1.9210526	0.0080319557	0.0030083145	0.0082642525
1.9649123	0.018146063	0.016143778	0.022879579
2.0087719	0.039595070	0.032592404	0.040963460
2.0526316	0.049659076	0.047639552	0.057277815
2.0964912	0.094320782	0.093548420	0.096655784
2.1403509	0.12707995	0.12174858	0.12707995
2.1842105	0.11669676	0.11456342	0.11669676
2.2280702	0.089134502	0.089134502	0.097320554
2.2719298	0.093187320	0.087196704	0.093187320
2.3157895	0.083751244	0.081689591	0.083751244
2.3596491	0.065988580	0.065978151	0.067803372
2.4035088	0.040497593	0.040497593	0.044030811
2.4473684	0.017654552	0.017654552	0.020586142
2.4912281	0.0080751350	0.0063729789	0.0080751350
2.5350877	0.0056879168	0.0021801196	0.0056879168
2.5789474	0.0068854042	0.0046044637	0.0068854042
2.6228070	0.010475352	0.0095488991	0.010475352
2.6666667	0.011822709	0.011760936	0.012680145
2.7105263	0.0086608676	0.0086608676	0.010843189
2.7543860	0.0040943545	0.0040943545	0.0063981473
2.7982456	0.0018755422	0.0018755422	0.0026765317
2.8421053	0.0024814660	0.0012540614	0.0024814660
2.8859649	0.0039727231	0.0017925005	0.0039727231
2.9298246	0.0046164634	0.0027098810	0.0046164634
2.9736842	0.0041074721	0.0030642462	0.0041074721
3.0175439	0.0031120916	0.0028445331	0.0031120916
3.0614035	0.0023438099	0.0023438099	0.0027747085
3.1052632	0.0020617026	0.0020617026	0.0028828274
3.1491228	0.0021027600	0.0021027600	0.0032620305
3.1929825	0.0021561544	0.0021561544	0.0036474731
3.2368421	0.0020004046	0.0020004046	0.0038263149
3.2807018	0.0015935287	0.0015935287	0.0035884335
3.3245614	0.0010399946	0.0010399946	0.0029350952
3.3684211	0.00050545634	0.00050545634	0.0020159628
3.4122807	0.00013801213	0.00013801213	0.0010422539
3.4561404	0.000023287328	0.000023287328	0.00021031460
3.5000000	0.00017478316	0.0000000	0.00017478316
3.5438596	0.00054803561	0.0000000	0.00054803561
3.5877193	0.0010648702	0.0000000	0.0010648702
3.6315789	0.0016373605	0.0000000	0.0016373605
3.6754386	0.0021858747	0.00032546411	0.0021858747
3.7192982	0.0026495725	0.00087629508	0.0026495725
3.7631579	0.0029901770	0.0014113446	0.0029901770
3.8070175	0.0031909181	0.0018709689	0.0031909181
3.8508772	0.0032526829	0.0022181850	0.0032526829
3.8947368	0.0031890508	0.0024369686	0.0031890508
3.9385965	0.0030213705	0.0025282827	0.0030213705
3.9824561	0.0027745450	0.0025052393	0.0027745450
4.0263158	0.0024738057	0.0023881227	0.0024738057
4.0701754	0.0021425000	0.0021425000	0.0022015566
4.1140351	0.0018007736	0.0018007736	0.0019689293
4.1578947	0.0014649619	0.0014649619	0.0017126697
4.2017544	0.0011474975	0.0011474975	0.0014517125
4.2456140	0.00085715755	0.00085715755	0.0012011267
4.2894737	0.00059950820	0.00059950820	0.00097201611
4.3333333	0.00037743965	0.00037743965	0.00077177090
4.3771930	0.00019171662	0.00019171662	0.00060452802
4.4210526	0.000041496614	0.000041496614	0.00047173367
4.4649123	-0.000075210830	-0.000075210830	0.00037272826
4.5087719	-0.00016115614	-0.00016115614	0.00030530202
4.5526316	-0.00021953488	-0.00021953488	0.00026619005
4.5964912	-0.00025374195	-0.00025374195	0.00025149167
4.6403509	-0.00026718712	-0.00026718712	0.00025700993
4.6842105	-0.00026316278	-0.00026316278	0.00027851436
4.7280702	-0.00024475449	-0.00024475449	0.00031193473
4.7719298	-0.00021478570	-0.00021478570	0.00035349525
4.8157895	-0.00017578858	-0.00017578858	0.00039979965
4.8596491	-0.00012999447	-0.00012999447	0.00044787711
4.9035088	-0.000079338328	-0.000079338328	0.00049519817
4.9473684	-0.000025472769	-0.000025472769	0.00053966832
4.9912281	0.000030211745	0.000030211745	0.00057960611
5.0350877	0.000086563258	0.000086563258	0.00061371108
5.0789474	0.00014264313	0.00014264313	0.00064102561
5.1228070	0.00019770074	0.00019770074	0.00066089405
5.1666667	0.00025114900	0.00025114900	0.00067292152
5.2105263	0.00030254135	0.00030254135	0.00067693391
5.2543860	0.00035155068	0.00035155068	0.00067294039
5.2982456	0.00039795013	0.00039795013	0.00066109905
5.3421053	0.00044159615	0.00044159615	0.00064168598
5.3859649	0.00048241348	0.00048241348	0.00061506803
5.4298246	0.00052038212	0.00052038212	0.00058167913
5.4736842	0.00055552617	0.00054075395	0.00055555463
5.5175439	0.00058790415	0.00049654113	0.00058790415
5.5614035	0.00061760100	0.00044582844	0.00061760100
5.6052632	0.00064472121	0.00039039180	0.00064472121
5.6491228	0.00066938325	0.00033075561	0.00066938325
5.6929825	0.00069171483	0.00026743148	0.00069171483
5.7368421	0.00071184920	0.00020091258	0.00071184920
5.7807018	0.00072992206	0.00013166947	0.00072992206
5.8245614	0.00074606914	0.000060147132	0.00074606914
5.8684211	0.00076042429	0.0000000	0.00076042429
5.9122807	0.00077311805	0.0000000	0.00077311805
5.9561404	0.00078427652	0.0000000	0.00078427652
6.0000000	0.00079402060	0.0000000	0.00079402060
