   3.2317000e+03  -1.3099670e-01
   3.2318955e+03  -1.4134216e-01
   3.2320910e+03  -1.4759064e-01
   3.2322865e+03  -1.4799500e-01
   3.2324820e+03  -1.5571594e-01
   3.2326775e+03  -1.5924072e-01
   3.2328730e+03  -1.4507294e-01
   3.2330685e+03  -1.3882446e-01
   3.2332640e+03  -1.6140747e-01
   3.2334595e+03  -1.2825012e-01
   3.2336550e+03  -1.4192963e-01
   3.2338505e+03  -1.4199066e-01
   3.2340460e+03  -1.3043976e-01
   3.2342415e+03  -1.6959381e-01
   3.2344370e+03  -1.2882233e-01
   3.2346326e+03  -1.4022064e-01
   3.2348281e+03  -1.4278412e-01
   3.2350236e+03  -1.3835144e-01
   3.2352191e+03  -1.5843964e-01
   3.2354146e+03  -1.4803314e-01
   3.2356101e+03  -1.4736176e-01
   3.2358056e+03  -1.3185120e-01
   3.2360011e+03  -1.4886475e-01
   3.2361966e+03  -1.5028381e-01
   3.2363921e+03  -1.6152191e-01
   3.2365876e+03  -1.3912964e-01
   3.2367831e+03  -1.4971161e-01
   3.2369786e+03  -1.4707947e-01
   3.2371741e+03  -1.4285278e-01
   3.2373696e+03  -1.5000916e-01
   3.2375651e+03  -1.5959167e-01
   3.2377606e+03  -1.4563751e-01
   3.2379561e+03  -1.7067719e-01
   3.2381516e+03  -1.4909363e-01
   3.2383471e+03  -1.4857483e-01
   3.2385426e+03  -1.3277435e-01
   3.2387381e+03  -1.5562439e-01
   3.2389336e+03  -1.5786743e-01
   3.2391291e+03  -1.2514496e-01
   3.2393246e+03  -1.4131165e-01
   3.2395201e+03  -1.6231537e-01
   3.2397156e+03  -1.6095734e-01
   3.2399111e+03  -1.5026855e-01
   3.2401066e+03  -1.4542389e-01
   3.2403022e+03  -1.5890503e-01
   3.2404977e+03  -1.4793396e-01
   3.2406932e+03  -1.4431000e-01
   3.2408887e+03  -1.4889526e-01
   3.2410842e+03  -1.5637970e-01
   3.2412797e+03  -1.5711212e-01
   3.2414752e+03  -1.6532135e-01
   3.2416707e+03  -1.4511108e-01
   3.2418662e+03  -1.2828064e-01
   3.2420617e+03  -1.3861847e-01
   3.2422572e+03  -1.5028381e-01
   3.2424527e+03  -1.4717865e-01
   3.2426482e+03  -1.3722992e-01
   3.2428437e+03  -1.4938354e-01
   3.2430392e+03  -1.3014221e-01
   3.2432347e+03  -1.3443756e-01
   3.2434302e+03  -1.4549255e-01
   3.2436257e+03  -1.5988922e-01
   3.2438212e+03  -1.7030334e-01
   3.2440167e+03  -1.4515686e-01
   3.2442122e+03  -1.5312195e-01
   3.2444077e+03  -1.2952423e-01
   3.2446032e+03  -1.4392853e-01
   3.2447987e+03  -1.2642670e-01
   3.2449942e+03  -1.5354156e-01
   3.2451897e+03  -1.5150452e-01
   3.2453852e+03  -1.4953613e-01
   3.2455807e+03  -1.5692139e-01
   3.2457762e+03  -1.5242004e-01
   3.2459717e+03  -1.5586853e-01
   3.2461673e+03  -1.6218567e-01
   3.2463628e+03  -1.6639709e-01
   3.2465583e+03  -1.5637970e-01
   3.2467538e+03  -1.5962219e-01
   3.2469493e+03  -1.4086151e-01
   3.2471448e+03  -1.3832092e-01
   3.2473403e+03  -1.4051056e-01
   3.2475358e+03  -1.5394592e-01
   3.2477313e+03  -1.6468811e-01
   3.2479268e+03  -1.5333557e-01
   3.2481223e+03  -1.2274170e-01
   3.2483178e+03  -1.5591431e-01
   3.2485133e+03  -1.3665009e-01
   3.2487088e+03  -1.4025879e-01
   3.2489043e+03  -1.3002777e-01
   3.2490998e+03  -1.3796234e-01
   3.2492953e+03  -1.4440155e-01
   3.2494908e+03  -1.5481567e-01
   3.2496863e+03  -1.7460632e-01
   3.2498818e+03  -1.7881775e-01
   3.2500773e+03  -1.5557098e-01
   3.2502728e+03  -1.3573456e-01
   3.2504683e+03  -1.5514374e-01
   3.2506638e+03  -1.4232635e-01
   3.2508593e+03  -1.4400482e-01
   3.2510548e+03  -1.5024567e-01
   3.2512503e+03  -1.4612579e-01
   3.2514458e+03  -1.5675354e-01
   3.2516413e+03  -1.3856506e-01
   3.2518369e+03  -1.4614105e-01
   3.2520324e+03  -1.5241241e-01
   3.2522279e+03  -1.4308929e-01
   3.2524234e+03  -1.5071869e-01
   3.2526189e+03  -1.5575409e-01
   3.2528144e+03  -1.6012573e-01
   3.2530099e+03  -1.6054535e-01
   3.2532054e+03  -1.3438416e-01
   3.2534009e+03  -1.5649414e-01
   3.2535964e+03  -1.4392090e-01
   3.2537919e+03  -1.4806366e-01
   3.2539874e+03  -1.5995789e-01
   3.2541829e+03  -1.5385437e-01
   3.2543784e+03  -1.4824677e-01
   3.2545739e+03  -1.5674591e-01
   3.2547694e+03  -1.5899658e-01
   3.2549649e+03  -1.4228058e-01
   3.2551604e+03  -1.3706970e-01
   3.2553559e+03  -1.7602539e-01
   3.2555514e+03  -1.5737152e-01
   3.2557469e+03  -1.6038513e-01
   3.2559424e+03  -1.5660095e-01
   3.2561379e+03  -1.6361237e-01
   3.2563334e+03  -1.4234161e-01
   3.2565289e+03  -1.5906525e-01
   3.2567244e+03  -1.4719391e-01
   3.2569199e+03  -1.3854980e-01
   3.2571154e+03  -1.5541077e-01
   3.2573109e+03  -1.4383698e-01
   3.2575065e+03  -1.4904785e-01
   3.2577020e+03  -1.4781952e-01
   3.2578975e+03  -1.6364288e-01
   3.2580930e+03  -1.5589142e-01
   3.2582885e+03  -1.4733124e-01
   3.2584840e+03  -1.4551544e-01
   3.2586795e+03  -1.5682220e-01
   3.2588750e+03  -1.5534210e-01
   3.2590705e+03  -1.4012909e-01
   3.2592660e+03  -1.3944244e-01
   3.2594615e+03  -1.4996338e-01
   3.2596570e+03  -1.3733673e-01
   3.2598525e+03  -1.3835144e-01
   3.2600480e+03  -1.3721466e-01
   3.2602435e+03  -1.3079071e-01
   3.2604390e+03  -1.6391754e-01
   3.2606345e+03  -1.6250610e-01
   3.2608300e+03  -1.5930176e-01
   3.2610255e+03  -1.5592957e-01
   3.2612210e+03  -1.5566254e-01
   3.2614165e+03  -1.4045715e-01
   3.2616120e+03  -1.5677643e-01
   3.2618075e+03  -1.4650726e-01
   3.2620030e+03  -1.6458130e-01
   3.2621985e+03  -1.4145660e-01
   3.2623940e+03  -1.5680695e-01
   3.2625895e+03  -1.6362000e-01
   3.2627850e+03  -1.7649078e-01
   3.2629805e+03  -1.4031982e-01
   3.2631761e+03  -1.4671326e-01
   3.2633716e+03  -1.3327789e-01
   3.2635671e+03  -1.4485931e-01
   3.2637626e+03  -1.4698029e-01
   3.2639581e+03  -1.5946198e-01
   3.2641536e+03  -1.4230347e-01
   3.2643491e+03  -1.4952850e-01
   3.2645446e+03  -1.5419769e-01
   3.2647401e+03  -1.5768433e-01
   3.2649356e+03  -1.4205170e-01
   3.2651311e+03  -1.4589691e-01
   3.2653266e+03  -1.5276337e-01
   3.2655221e+03  -1.5900421e-01
   3.2657176e+03  -1.5472412e-01
   3.2659131e+03  -1.4878845e-01
   3.2661086e+03  -1.3481903e-01
   3.2663041e+03  -1.4908600e-01
   3.2664996e+03  -1.4933014e-01
   3.2666951e+03  -1.4761353e-01
   3.2668906e+03  -1.4720154e-01
   3.2670861e+03  -1.5409088e-01
   3.2672816e+03  -1.4208984e-01
   3.2674771e+03  -1.5410614e-01
   3.2676726e+03  -1.5648651e-01
   3.2678681e+03  -1.5975189e-01
   3.2680636e+03  -1.6343689e-01
   3.2682591e+03  -1.4817047e-01
   3.2684546e+03  -1.5886688e-01
   3.2686501e+03  -1.5016174e-01
   3.2688457e+03  -1.5648651e-01
   3.2690412e+03  -1.4720154e-01
   3.2692367e+03  -1.4246368e-01
   3.2694322e+03  -1.4115906e-01
   3.2696277e+03  -1.3983154e-01
   3.2698232e+03  -1.4411926e-01
   3.2700187e+03  -1.5493774e-01
   3.2702142e+03  -1.4395142e-01
   3.2704097e+03  -1.5972900e-01
   3.2706052e+03  -1.4906311e-01
   3.2708007e+03  -1.6974640e-01
   3.2709962e+03  -1.6242981e-01
   3.2711917e+03  -1.6603088e-01
   3.2713872e+03  -1.5773773e-01
   3.2715827e+03  -1.4610291e-01
   3.2717782e+03  -1.3673401e-01
   3.2719737e+03  -1.4376068e-01
   3.2721692e+03  -1.6883087e-01
   3.2723647e+03  -1.6191101e-01
   3.2725602e+03  -1.4975739e-01
   3.2727557e+03  -1.5158844e-01
   3.2729512e+03  -1.5772247e-01
   3.2731467e+03  -1.5197754e-01
   3.2733422e+03  -1.4814758e-01
   3.2735377e+03  -1.5441132e-01
   3.2737332e+03  -1.6678619e-01
   3.2739287e+03  -1.6119385e-01
   3.2741242e+03  -1.4863586e-01
   3.2743197e+03  -1.3716125e-01
   3.2745152e+03  -1.5239716e-01
   3.2747108e+03  -1.4980316e-01
   3.2749063e+03  -1.4065552e-01
   3.2751018e+03  -1.6339874e-01
   3.2752973e+03  -1.5995026e-01
   3.2754928e+03  -1.5845490e-01
   3.2756883e+03  -1.4913177e-01
   3.2758838e+03  -1.4539337e-01
   3.2760793e+03  -1.4846039e-01
   3.2762748e+03  -1.5678406e-01
   3.2764703e+03  -1.3782501e-01
   3.2766658e+03  -1.5864563e-01
   3.2768613e+03  -1.5808868e-01
   3.2770568e+03  -1.5304565e-01
   3.2772523e+03  -1.4736938e-01
   3.2774478e+03  -1.5730286e-01
   3.2776433e+03  -1.5113068e-01
   3.2778388e+03  -1.5438080e-01
   3.2780343e+03  -1.4666748e-01
   3.2782298e+03  -1.6529083e-01
   3.2784253e+03  -1.6334534e-01
   3.2786208e+03  -1.5971375e-01
   3.2788163e+03  -1.3615417e-01
   3.2790118e+03  -1.5193939e-01
   3.2792073e+03  -1.4142609e-01
   3.2794028e+03  -1.5896606e-01
   3.2795983e+03  -1.5011597e-01
   3.2797938e+03  -1.3332367e-01
   3.2799893e+03  -1.4466095e-01
   3.2801848e+03  -1.6016388e-01
   3.2803804e+03  -1.3536072e-01
   3.2805759e+03  -1.6824341e-01
   3.2807714e+03  -1.3497925e-01
   3.2809669e+03  -1.4867401e-01
   3.2811624e+03  -1.3387299e-01
   3.2813579e+03  -1.5548706e-01
   3.2815534e+03  -1.2864685e-01
   3.2817489e+03  -1.4261627e-01
   3.2819444e+03  -1.4956665e-01
   3.2821399e+03  -1.4675140e-01
   3.2823354e+03  -1.6374969e-01
   3.2825309e+03  -1.5026855e-01
   3.2827264e+03  -1.4395142e-01
   3.2829219e+03  -1.3698578e-01
   3.2831174e+03  -1.4965057e-01
   3.2833129e+03  -1.3973999e-01
   3.2835084e+03  -1.5181732e-01
   3.2837039e+03  -1.4926147e-01
   3.2838994e+03  -1.4165497e-01
   3.2840949e+03  -1.5122223e-01
   3.2842904e+03  -1.5688324e-01
   3.2844859e+03  -1.7478180e-01
   3.2846814e+03  -1.5526581e-01
   3.2848769e+03  -1.5283966e-01
   3.2850724e+03  -1.5767670e-01
   3.2852679e+03  -1.5824890e-01
   3.2854634e+03  -1.5633392e-01
   3.2856589e+03  -1.2015533e-01
   3.2858544e+03  -1.5036011e-01
   3.2860500e+03  -1.6250610e-01
   3.2862455e+03  -1.5911102e-01
   3.2864410e+03  -1.6146851e-01
   3.2866365e+03  -1.4453888e-01
   3.2868320e+03  -1.5550995e-01
   3.2870275e+03  -1.5339661e-01
   3.2872230e+03  -1.2552643e-01
   3.2874185e+03  -1.3980103e-01
   3.2876140e+03  -1.2886047e-01
   3.2878095e+03  -1.4743805e-01
   3.2880050e+03  -1.5351105e-01
   3.2882005e+03  -1.3897705e-01
   3.2883960e+03  -1.3272095e-01
   3.2885915e+03  -1.4713287e-01
   3.2887870e+03  -1.3381195e-01
   3.2889825e+03  -1.5028381e-01
   3.2891780e+03  -1.5083313e-01
   3.2893735e+03  -1.6039276e-01
   3.2895690e+03  -1.1365509e-01
   3.2897645e+03  -1.3717651e-01
   3.2899600e+03  -1.4317322e-01
   3.2901555e+03  -1.5402985e-01
   3.2903510e+03  -1.3790131e-01
   3.2905465e+03  -1.5006256e-01
   3.2907420e+03  -1.4604950e-01
   3.2909375e+03  -1.5584564e-01
   3.2911330e+03  -1.3836670e-01
   3.2913285e+03  -1.5487671e-01
   3.2915240e+03  -1.4682770e-01
   3.2917196e+03  -1.4171600e-01
   3.2919151e+03  -1.4366913e-01
   3.2921106e+03  -1.4722443e-01
   3.2923061e+03  -1.5220642e-01
   3.2925016e+03  -1.7063141e-01
   3.2926971e+03  -1.4055634e-01
   3.2928926e+03  -1.4572144e-01
   3.2930881e+03  -1.3957214e-01
   3.2932836e+03  -1.5122986e-01
   3.2934791e+03  -1.5222931e-01
   3.2936746e+03  -1.3285828e-01
   3.2938701e+03  -9.9365234e-02
   3.2940656e+03  -1.4587402e-01
   3.2942611e+03  -1.3015747e-01
   3.2944566e+03  -1.3391876e-01
   3.2946521e+03  -1.1759949e-01
   3.2948476e+03  -1.2141418e-01
   3.2950431e+03  -1.4340210e-01
   3.2952386e+03  -1.4028931e-01
   3.2954341e+03  -1.2385559e-01
   3.2956296e+03  -1.3077545e-01
   3.2958251e+03  -1.5508270e-01
   3.2960206e+03  -1.4486694e-01
   3.2962161e+03  -1.2189484e-01
   3.2964116e+03  -1.1664581e-01
   3.2966071e+03  -1.1431122e-01
   3.2968026e+03  -1.2641144e-01
   3.2969981e+03  -1.1882019e-01
   3.2971936e+03  -1.0195160e-01
   3.2973891e+03  -1.0236359e-01
   3.2975847e+03  -9.6786499e-02
   3.2977802e+03  -1.1754608e-01
   3.2979757e+03  -1.0243988e-01
   3.2981712e+03  -9.7610474e-02
   3.2983667e+03  -7.6271057e-02
   3.2985622e+03  -9.8869324e-02
   3.2987577e+03  -7.1884155e-02
   3.2989532e+03  -5.2421570e-02
   3.2991487e+03  -5.8601379e-02
   3.2993442e+03  -5.2787781e-02
   3.2995397e+03  -3.5728455e-02
   3.2997352e+03  -4.0695190e-02
   3.2999307e+03  -1.4541626e-02
   3.3001262e+03  -1.1215210e-02
   3.3003217e+03   3.9291382e-03
   3.3005172e+03   2.8511047e-02
   3.3007127e+03   3.2035828e-02
   3.3009082e+03   3.7048340e-02
   3.3011037e+03   8.6120605e-02
   3.3012992e+03   8.6372375e-02
   3.3014947e+03   1.4000702e-01
   3.3016902e+03   1.9007874e-01
   3.3018857e+03   2.0928192e-01
   3.3020812e+03   2.8221130e-01
   3.3022767e+03   3.3658600e-01
   3.3024722e+03   3.7206268e-01
   3.3026677e+03   4.2127991e-01
   3.3028632e+03   4.7341156e-01
   3.3030587e+03   4.9562073e-01
   3.3032543e+03   5.4942322e-01
   3.3034498e+03   4.8537445e-01
   3.3036453e+03   4.0119171e-01
   3.3038408e+03   2.8395081e-01
   3.3040363e+03   1.1296082e-01
   3.3042318e+03  -5.4504395e-02
   3.3044273e+03  -2.8764343e-01
   3.3046228e+03  -4.7124481e-01
   3.3048183e+03  -6.5764618e-01
   3.3050138e+03  -7.5815582e-01
   3.3052093e+03  -8.3020782e-01
   3.3054048e+03  -8.4360504e-01
   3.3056003e+03  -8.6815643e-01
   3.3057958e+03  -8.0319977e-01
   3.3059913e+03  -7.5420380e-01
   3.3061868e+03  -6.9783783e-01
   3.3063823e+03  -6.1528015e-01
   3.3065778e+03  -5.5952454e-01
   3.3067733e+03  -4.9292755e-01
   3.3069688e+03  -4.6566772e-01
   3.3071643e+03  -4.2607880e-01
   3.3073598e+03  -3.9150238e-01
   3.3075553e+03  -3.5878754e-01
   3.3077508e+03  -3.2418823e-01
   3.3079463e+03  -2.9375458e-01
   3.3081418e+03  -2.8165436e-01
   3.3083373e+03  -2.6925659e-01
   3.3085328e+03  -2.6367188e-01
   3.3087283e+03  -2.4682617e-01
   3.3089239e+03  -2.3177338e-01
   3.3091194e+03  -2.2533417e-01
   3.3093149e+03  -2.1032715e-01
   3.3095104e+03  -2.2068024e-01
   3.3097059e+03  -2.1305847e-01
   3.3099014e+03  -2.0521545e-01
   3.3100969e+03  -2.1424103e-01
   3.3102924e+03  -2.1013641e-01
   3.3104879e+03  -1.6890717e-01
   3.3106834e+03  -1.8887329e-01
   3.3108789e+03  -1.8505096e-01
   3.3110744e+03  -1.6505432e-01
   3.3112699e+03  -1.6181946e-01
   3.3114654e+03  -1.4963531e-01
   3.3116609e+03  -1.6004944e-01
   3.3118564e+03  -1.3609314e-01
   3.3120519e+03  -1.6157532e-01
   3.3122474e+03  -1.6271973e-01
   3.3124429e+03  -1.4231110e-01
   3.3126384e+03  -1.4255524e-01
   3.3128339e+03  -1.4267731e-01
   3.3130294e+03  -1.4497375e-01
   3.3132249e+03  -1.2355042e-01
   3.3134204e+03  -1.2018585e-01
   3.3136159e+03  -1.1675262e-01
   3.3138114e+03  -1.0892487e-01
   3.3140069e+03  -9.2720032e-02
   3.3142024e+03  -9.0942383e-02
   3.3143979e+03  -8.3732605e-02
   3.3145935e+03  -8.6990356e-02
   3.3147890e+03  -7.6980591e-02
   3.3149845e+03  -5.2635193e-02
   3.3151800e+03  -6.2408447e-02
   3.3153755e+03  -3.6567688e-02
   3.3155710e+03  -3.2661438e-02
   3.3157665e+03  -5.5694580e-04
   3.3159620e+03   1.8692017e-03
   3.3161575e+03   2.3895264e-02
   3.3163530e+03   4.2068481e-02
   3.3165485e+03   6.4796448e-02
   3.3167440e+03   1.0736084e-01
   3.3169395e+03   1.2336731e-01
   3.3171350e+03   1.8447113e-01
   3.3173305e+03   2.3997498e-01
   3.3175260e+03   3.1687164e-01
   3.3177215e+03   3.9111328e-01
   3.3179170e+03   4.7666931e-01
   3.3181125e+03   5.7904816e-01
   3.3183080e+03   6.6168976e-01
   3.3185035e+03   7.4318695e-01
   3.3186990e+03   7.6815796e-01
   3.3188945e+03   7.3194122e-01
   3.3190900e+03   6.4484406e-01
   3.3192855e+03   4.9698639e-01
   3.3194810e+03   2.3527527e-01
   3.3196765e+03  -9.6359253e-03
   3.3198720e+03  -2.8274536e-01
   3.3200675e+03  -5.7970428e-01
   3.3202630e+03  -7.8865051e-01
   3.3204586e+03  -9.1812134e-01
   3.3206541e+03  -1.0061874e+00
   3.3208496e+03  -1.0363846e+00
   3.3210451e+03  -9.5282745e-01
   3.3212406e+03  -9.2156219e-01
   3.3214361e+03  -8.2544708e-01
   3.3216316e+03  -7.4359131e-01
   3.3218271e+03  -6.6123199e-01
   3.3220226e+03  -5.9700012e-01
   3.3222181e+03  -5.3076935e-01
   3.3224136e+03  -4.8312378e-01
   3.3226091e+03  -4.3511963e-01
   3.3228046e+03  -4.0993500e-01
   3.3230001e+03  -3.8365936e-01
   3.3231956e+03  -3.4990692e-01
   3.3233911e+03  -3.0428314e-01
   3.3235866e+03  -2.7557373e-01
   3.3237821e+03  -2.7141571e-01
   3.3239776e+03  -2.4153137e-01
   3.3241731e+03  -2.4913788e-01
   3.3243686e+03  -2.3289490e-01
   3.3245641e+03  -2.2740936e-01
   3.3247596e+03  -2.2063446e-01
   3.3249551e+03  -1.9271851e-01
   3.3251506e+03  -2.0870209e-01
   3.3253461e+03  -2.0746613e-01
   3.3255416e+03  -1.9562531e-01
   3.3257371e+03  -1.7088318e-01
   3.3259326e+03  -1.9650269e-01
   3.3261282e+03  -1.7716980e-01
   3.3263237e+03  -1.7105103e-01
   3.3265192e+03  -1.7647552e-01
   3.3267147e+03  -1.6024780e-01
   3.3269102e+03  -1.1473846e-01
   3.3271057e+03  -1.4796448e-01
   3.3273012e+03  -1.4036560e-01
   3.3274967e+03  -1.6238403e-01
   3.3276922e+03  -1.4060211e-01
   3.3278877e+03  -1.1524963e-01
   3.3280832e+03  -1.1724854e-01
   3.3282787e+03  -1.3932800e-01
   3.3284742e+03  -1.1931610e-01
   3.3286697e+03  -1.2082672e-01
   3.3288652e+03  -1.0778046e-01
   3.3290607e+03  -9.8182678e-02
   3.3292562e+03  -9.8236084e-02
   3.3294517e+03  -9.4367981e-02
   3.3296472e+03  -8.2717896e-02
   3.3298427e+03  -8.1222534e-02
   3.3300382e+03  -9.3437195e-02
   3.3302337e+03  -4.8873901e-02
   3.3304292e+03  -4.2770386e-02
   3.3306247e+03  -4.3205261e-02
   3.3308202e+03  -5.1986694e-02
   3.3310157e+03  -3.0471802e-02
   3.3312112e+03  -2.6550293e-02
   3.3314067e+03  -1.8753052e-02
   3.3316022e+03   5.6457520e-04
   3.3317978e+03   2.6412964e-02
   3.3319933e+03   2.3185730e-02
   3.3321888e+03   4.5898438e-02
   3.3323843e+03   5.2818298e-02
   3.3325798e+03   8.2092285e-02
   3.3327753e+03   7.3257446e-02
   3.3329708e+03   9.2117310e-02
   3.3331663e+03   1.0459137e-01
   3.3333618e+03   9.2071533e-02
   3.3335573e+03   8.4014893e-02
   3.3337528e+03   7.1723938e-02
   3.3339483e+03   6.7184448e-02
   3.3341438e+03   3.6033630e-02
   3.3343393e+03   2.0935059e-02
   3.3345348e+03  -8.8500977e-03
   3.3347303e+03  -3.6865234e-02
   3.3349258e+03  -1.0821533e-01
   3.3351213e+03  -1.2136841e-01
   3.3353168e+03  -2.0479584e-01
   3.3355123e+03  -2.5270081e-01
   3.3357078e+03  -2.6481628e-01
   3.3359033e+03  -3.2139587e-01
   3.3360988e+03  -3.4875488e-01
   3.3362943e+03  -3.4019470e-01
   3.3364898e+03  -3.7620544e-01
   3.3366853e+03  -3.5787964e-01
   3.3368808e+03  -3.5956573e-01
   3.3370763e+03  -3.7790680e-01
   3.3372718e+03  -3.5681915e-01
   3.3374674e+03  -3.4584808e-01
   3.3376629e+03  -3.5630035e-01
   3.3378584e+03  -3.5292053e-01
   3.3380539e+03  -3.3206940e-01
   3.3382494e+03  -3.0680084e-01
   3.3384449e+03  -3.2732391e-01
   3.3386404e+03  -3.1263733e-01
   3.3388359e+03  -3.1487274e-01
   3.3390314e+03  -2.8953552e-01
   3.3392269e+03  -2.7330780e-01
   3.3394224e+03  -2.5682068e-01
   3.3396179e+03  -2.5831604e-01
   3.3398134e+03  -2.6094055e-01
   3.3400089e+03  -2.6008606e-01
   3.3402044e+03  -2.4433136e-01
   3.3403999e+03  -2.4651337e-01
   3.3405954e+03  -2.4227142e-01
   3.3407909e+03  -2.2459412e-01
   3.3409864e+03  -2.2528839e-01
   3.3411819e+03  -2.3040771e-01
   3.3413774e+03  -2.1371460e-01
   3.3415729e+03  -2.2275543e-01
   3.3417684e+03  -2.0740509e-01
   3.3419639e+03  -2.2319031e-01
   3.3421594e+03  -2.1952820e-01
   3.3423549e+03  -1.9779968e-01
   3.3425504e+03  -1.8884277e-01
   3.3427459e+03  -1.8540955e-01
   3.3429414e+03  -1.9042206e-01
   3.3431370e+03  -1.8623352e-01
   3.3433325e+03  -1.8194580e-01
   3.3435280e+03  -1.9997406e-01
   3.3437235e+03  -1.7643738e-01
   3.3439190e+03  -1.7306519e-01
   3.3441145e+03  -1.7093658e-01
   3.3443100e+03  -1.8656921e-01
   3.3445055e+03  -1.8570709e-01
   3.3447010e+03  -1.8103790e-01
   3.3448965e+03  -1.7080688e-01
   3.3450920e+03  -1.5858459e-01
   3.3452875e+03  -1.5305328e-01
   3.3454830e+03  -1.7304230e-01
   3.3456785e+03  -1.6731262e-01
   3.3458740e+03  -1.6431427e-01
   3.3460695e+03  -1.6914368e-01
   3.3462650e+03  -1.6835785e-01
   3.3464605e+03  -1.8438721e-01
   3.3466560e+03  -1.5277863e-01
   3.3468515e+03  -1.6306305e-01
   3.3470470e+03  -1.6970062e-01
   3.3472425e+03  -1.6344452e-01
   3.3474380e+03  -1.7401886e-01
   3.3476335e+03  -1.5651703e-01
   3.3478290e+03  -1.5123749e-01
   3.3480245e+03  -1.6616058e-01
   3.3482200e+03  -1.3579559e-01
   3.3484155e+03  -1.7484283e-01
   3.3486110e+03  -1.5701294e-01
   3.3488065e+03  -1.6496277e-01
   3.3490021e+03  -1.7755890e-01
   3.3491976e+03  -1.6207123e-01
   3.3493931e+03  -1.6606140e-01
   3.3495886e+03  -1.4823151e-01
   3.3497841e+03  -1.4793396e-01
   3.3499796e+03  -1.7070007e-01
   3.3501751e+03  -1.4064026e-01
   3.3503706e+03  -1.5944672e-01
   3.3505661e+03  -1.5551758e-01
   3.3507616e+03  -1.6369629e-01
   3.3509571e+03  -1.7282104e-01
   3.3511526e+03  -1.6840363e-01
   3.3513481e+03  -1.3794708e-01
   3.3515436e+03  -1.5076447e-01
   3.3517391e+03  -1.4425659e-01
   3.3519346e+03  -1.4485931e-01
   3.3521301e+03  -1.4920807e-01
   3.3523256e+03  -1.4163208e-01
   3.3525211e+03  -1.4871216e-01
   3.3527166e+03  -1.5240479e-01
   3.3529121e+03  -1.6510010e-01
   3.3531076e+03  -1.5241241e-01
   3.3533031e+03  -1.5191650e-01
   3.3534986e+03  -1.4410400e-01
   3.3536941e+03  -1.3172913e-01
   3.3538896e+03  -1.3864899e-01
   3.3540851e+03  -1.5639496e-01
   3.3542806e+03  -1.5947723e-01
   3.3544761e+03  -1.4732361e-01
   3.3546717e+03  -1.5424347e-01
   3.3548672e+03  -1.6264343e-01
   3.3550627e+03  -1.4933777e-01
   3.3552582e+03  -1.4958191e-01
   3.3554537e+03  -1.5547180e-01
   3.3556492e+03  -1.5451813e-01
   3.3558447e+03  -1.5645599e-01
   3.3560402e+03  -1.5596771e-01
   3.3562357e+03  -1.5616608e-01
   3.3564312e+03  -1.4208984e-01
   3.3566267e+03  -1.4099884e-01
   3.3568222e+03  -1.4168549e-01
   3.3570177e+03  -1.3694000e-01
   3.3572132e+03  -1.4469910e-01
   3.3574087e+03  -1.6907501e-01
   3.3576042e+03  -1.5270233e-01
   3.3577997e+03  -1.4847565e-01
   3.3579952e+03  -1.5778351e-01
   3.3581907e+03  -1.5390778e-01
   3.3583862e+03  -1.7272186e-01
   3.3585817e+03  -1.6426849e-01
   3.3587772e+03  -1.5792847e-01
   3.3589727e+03  -1.4749146e-01
   3.3591682e+03  -1.5056610e-01
   3.3593637e+03  -1.6190338e-01
   3.3595592e+03  -1.5957642e-01
   3.3597547e+03  -1.5585327e-01
   3.3599502e+03  -1.5695953e-01
   3.3601457e+03  -1.4945221e-01
   3.3603413e+03  -1.6215515e-01
   3.3605368e+03  -1.4974213e-01
   3.3607323e+03  -1.5045929e-01
   3.3609278e+03  -1.6543579e-01
   3.3611233e+03  -1.7562103e-01
   3.3613188e+03  -1.7312622e-01
   3.3615143e+03  -1.4852142e-01
   3.3617098e+03  -1.4546967e-01
   3.3619053e+03  -1.3808441e-01
   3.3621008e+03  -1.5361786e-01
   3.3622963e+03  -1.3783264e-01
   3.3624918e+03  -1.6017151e-01
   3.3626873e+03  -1.6693115e-01
   3.3628828e+03  -1.4960480e-01
   3.3630783e+03  -1.3478851e-01
   3.3632738e+03  -1.4580536e-01
   3.3634693e+03  -1.4698792e-01
   3.3636648e+03  -1.4252472e-01
   3.3638603e+03  -1.3090515e-01
   3.3640558e+03  -1.5695190e-01
   3.3642513e+03  -1.4815521e-01
   3.3644468e+03  -1.6000366e-01
   3.3646423e+03  -1.4673615e-01
   3.3648378e+03  -1.6061401e-01
   3.3650333e+03  -1.5154266e-01
   3.3652288e+03  -1.4863586e-01
   3.3654243e+03  -1.5502930e-01
   3.3656198e+03  -1.4498138e-01
   3.3658153e+03  -1.4952850e-01
   3.3660109e+03  -1.6378021e-01
   3.3662064e+03  -1.5741730e-01
   3.3664019e+03  -1.6032410e-01
   3.3665974e+03  -1.5032959e-01
   3.3667929e+03  -1.4768219e-01
   3.3669884e+03  -1.6898346e-01
   3.3671839e+03  -1.4429474e-01
   3.3673794e+03  -1.4326477e-01
   3.3675749e+03  -1.4014435e-01
   3.3677704e+03  -1.3272858e-01
   3.3679659e+03  -1.4380646e-01
   3.3681614e+03  -1.5899658e-01
   3.3683569e+03  -1.6252136e-01
   3.3685524e+03  -1.4205933e-01
   3.3687479e+03  -1.5202332e-01
   3.3689434e+03  -1.4169312e-01
   3.3691389e+03  -1.6489410e-01
   3.3693344e+03  -1.6059875e-01
   3.3695299e+03  -1.7424011e-01
   3.3697254e+03  -1.5202332e-01
   3.3699209e+03  -1.4918518e-01
   3.3701164e+03  -1.4519501e-01
   3.3703119e+03  -1.4153290e-01
   3.3705074e+03  -1.3584900e-01
   3.3707029e+03  -1.4387512e-01
   3.3708984e+03  -1.5209961e-01
   3.3710939e+03  -1.6426849e-01
   3.3712894e+03  -1.6821289e-01
   3.3714849e+03  -1.3561249e-01
   3.3716804e+03  -1.5054321e-01
   3.3718760e+03  -1.5943909e-01
   3.3720715e+03  -1.3768768e-01
   3.3722670e+03  -1.3387299e-01
   3.3724625e+03  -1.4518738e-01
   3.3726580e+03  -1.3892365e-01
   3.3728535e+03  -1.4517975e-01
   3.3730490e+03  -1.6698456e-01
   3.3732445e+03  -1.4670563e-01
   3.3734400e+03  -1.5046692e-01
   3.3736355e+03  -1.4477539e-01
   3.3738310e+03  -1.4678955e-01
   3.3740265e+03  -1.6294861e-01
   3.3742220e+03  -1.3479614e-01
   3.3744175e+03  -1.6084290e-01
   3.3746130e+03  -1.5883636e-01
   3.3748085e+03  -1.4675140e-01
   3.3750040e+03  -1.5061188e-01
   3.3751995e+03  -1.4588165e-01
   3.3753950e+03  -1.4209747e-01
   3.3755905e+03  -1.4981842e-01
   3.3757860e+03  -1.3222504e-01
   3.3759815e+03  -1.6049957e-01
   3.3761770e+03  -1.7298889e-01
   3.3763725e+03  -1.4900970e-01
   3.3765680e+03  -1.5006256e-01
   3.3767635e+03  -1.6699982e-01
   3.3769590e+03  -1.6844940e-01
   3.3771545e+03  -1.3500214e-01
   3.3773500e+03  -1.5901947e-01
   3.3775456e+03  -1.5888977e-01
   3.3777411e+03  -1.3918304e-01
   3.3779366e+03  -1.4337158e-01
   3.3781321e+03  -1.4339447e-01
   3.3783276e+03  -1.3282776e-01
   3.3785231e+03  -1.6413879e-01
   3.3787186e+03  -1.4849854e-01
   3.3789141e+03  -1.3514709e-01
   3.3791096e+03  -1.4934540e-01
   3.3793051e+03  -1.4624786e-01
   3.3795006e+03  -1.5217590e-01
   3.3796961e+03  -1.4611816e-01
   3.3798916e+03  -1.4125824e-01
   3.3800871e+03  -1.5076447e-01
   3.3802826e+03  -1.5157318e-01
   3.3804781e+03  -1.5936279e-01
   3.3806736e+03  -1.3219452e-01
   3.3808691e+03  -1.3869476e-01
   3.3810646e+03  -1.4078522e-01
   3.3812601e+03  -1.4183807e-01
   3.3814556e+03  -1.4228821e-01
   3.3816511e+03  -1.5427399e-01
   3.3818466e+03  -1.3922882e-01
   3.3820421e+03  -1.4966583e-01
   3.3822376e+03  -1.4884186e-01
   3.3824331e+03  -1.4950562e-01
   3.3826286e+03  -1.5409851e-01
   3.3828241e+03  -1.7565155e-01
   3.3830196e+03  -1.6248322e-01
   3.3832152e+03  -1.4772797e-01
   3.3834107e+03  -1.3813782e-01
   3.3836062e+03  -1.6635132e-01
   3.3838017e+03  -1.5500641e-01
   3.3839972e+03  -1.4511108e-01
   3.3841927e+03  -1.5941620e-01
   3.3843882e+03  -1.5419769e-01
   3.3845837e+03  -1.4196777e-01
   3.3847792e+03  -1.6198730e-01
   3.3849747e+03  -1.5601349e-01
   3.3851702e+03  -1.4437866e-01
   3.3853657e+03  -1.5296936e-01
   3.3855612e+03  -1.5548706e-01
   3.3857567e+03  -1.3327026e-01
   3.3859522e+03  -1.4315033e-01
   3.3861477e+03  -1.4446259e-01
   3.3863432e+03  -1.5650940e-01
   3.3865387e+03  -1.3505554e-01
   3.3867342e+03  -1.5470886e-01
   3.3869297e+03  -1.3212585e-01
   3.3871252e+03  -1.5928650e-01
   3.3873207e+03  -1.4588165e-01
   3.3875162e+03  -1.5345764e-01
   3.3877117e+03  -1.5699005e-01
   3.3879072e+03  -1.5576172e-01
   3.3881027e+03  -1.6164398e-01
   3.3882982e+03  -1.5232086e-01
   3.3884937e+03  -1.3201141e-01
   3.3886892e+03  -1.6344452e-01
   3.3888848e+03  -1.5581512e-01
   3.3890803e+03  -1.6191101e-01
   3.3892758e+03  -1.4539337e-01
   3.3894713e+03  -1.4007568e-01
   3.3896668e+03  -1.5936279e-01
   3.3898623e+03  -1.5125275e-01
   3.3900578e+03  -1.6016388e-01
   3.3902533e+03  -1.6490173e-01
   3.3904488e+03  -1.2764740e-01
   3.3906443e+03  -1.6232300e-01
   3.3908398e+03  -1.5237427e-01
   3.3910353e+03  -1.5637207e-01
   3.3912308e+03  -1.3484955e-01
   3.3914263e+03  -1.6532898e-01
   3.3916218e+03  -1.5502167e-01
   3.3918173e+03  -1.5222931e-01
   3.3920128e+03  -1.5459442e-01
   3.3922083e+03  -1.3231659e-01
   3.3924038e+03  -1.4344788e-01
   3.3925993e+03  -1.4208984e-01
   3.3927948e+03  -1.5097809e-01
   3.3929903e+03  -1.5225983e-01
   3.3931858e+03  -1.4595032e-01
   3.3933813e+03  -1.5923309e-01
   3.3935768e+03  -1.6555023e-01
   3.3937723e+03  -1.6195679e-01
   3.3939678e+03  -1.4909363e-01
   3.3941633e+03  -1.4963531e-01
   3.3943588e+03  -1.3818359e-01
   3.3945543e+03  -1.4604187e-01
   3.3947499e+03  -1.5173340e-01
   3.3949454e+03  -1.6293335e-01
   3.3951409e+03  -1.6660309e-01
   3.3953364e+03  -1.5660095e-01
   3.3955319e+03  -1.5540314e-01
   3.3957274e+03  -1.4959717e-01
   3.3959229e+03  -1.5264130e-01
   3.3961184e+03  -1.4836884e-01
   3.3963139e+03  -1.5744019e-01
   3.3965094e+03  -1.4922333e-01
   3.3967049e+03  -1.2731171e-01
   3.3969004e+03  -1.4974213e-01
   3.3970959e+03  -1.4457703e-01
   3.3972914e+03  -1.4295197e-01
   3.3974869e+03  -1.6503906e-01
   3.3976824e+03  -1.5580750e-01
   3.3978779e+03  -1.6776276e-01
   3.3980734e+03  -1.3272095e-01
   3.3982689e+03  -1.4831543e-01
   3.3984644e+03  -1.4876556e-01
   3.3986599e+03  -1.6583252e-01
   3.3988554e+03  -1.5979767e-01
   3.3990509e+03  -1.3829803e-01
   3.3992464e+03  -1.4275360e-01
   3.3994419e+03  -1.5029907e-01
   3.3996374e+03  -1.4501190e-01
   3.3998329e+03  -1.5232086e-01
   3.4000284e+03  -1.4128113e-01
   3.4002239e+03  -1.4411163e-01
   3.4004195e+03  -1.6073608e-01
   3.4006150e+03  -1.6092682e-01
   3.4008105e+03  -1.6195679e-01
   3.4010060e+03  -1.6587830e-01
   3.4012015e+03  -1.2699890e-01
   3.4013970e+03  -1.5416718e-01
   3.4015925e+03  -1.5243530e-01
   3.4017880e+03  -1.7204285e-01
   3.4019835e+03  -1.6074371e-01
   3.4021790e+03  -1.6416931e-01
   3.4023745e+03  -1.5609741e-01
   3.4025700e+03  -1.6728973e-01
   3.4027655e+03  -1.5766907e-01
   3.4029610e+03  -1.3017273e-01
   3.4031565e+03  -1.6849518e-01
   3.4033520e+03  -1.4990234e-01
   3.4035475e+03  -1.5180206e-01
   3.4037430e+03  -1.5142059e-01
   3.4039385e+03  -1.3570404e-01
   3.4041340e+03  -1.3362885e-01
   3.4043295e+03  -1.5177917e-01
   3.4045250e+03  -1.5830231e-01
   3.4047205e+03  -1.6222382e-01
   3.4049160e+03  -1.5995026e-01
   3.4051115e+03  -1.5207672e-01
   3.4053070e+03  -1.5322113e-01
   3.4055025e+03  -1.3452148e-01
   3.4056980e+03  -1.4281464e-01
   3.4058935e+03  -1.6149902e-01
   3.4060891e+03  -1.2845612e-01
   3.4062846e+03  -1.2544250e-01
   3.4064801e+03  -1.5650940e-01
   3.4066756e+03  -1.6835022e-01
   3.4068711e+03  -1.3950348e-01
   3.4070666e+03  -1.4965057e-01
   3.4072621e+03  -1.6690063e-01
   3.4074576e+03  -1.3834381e-01
   3.4076531e+03  -1.5523529e-01
   3.4078486e+03  -1.7018127e-01
   3.4080441e+03  -1.2683105e-01
   3.4082396e+03  -1.5026855e-01
   3.4084351e+03  -1.5604401e-01
   3.4086306e+03  -1.5048981e-01
   3.4088261e+03  -1.4601135e-01
   3.4090216e+03  -1.6699982e-01
   3.4092171e+03  -1.6655731e-01
   3.4094126e+03  -1.4578247e-01
   3.4096081e+03  -1.3964081e-01
   3.4098036e+03  -1.4672089e-01
   3.4099991e+03  -1.3629913e-01
   3.4101946e+03  -1.3586426e-01
   3.4103901e+03  -1.4675140e-01
   3.4105856e+03  -1.4729309e-01
   3.4107811e+03  -1.5592957e-01
   3.4109766e+03  -1.5760040e-01
   3.4111721e+03  -1.4803314e-01
   3.4113676e+03  -1.5648651e-01
   3.4115631e+03  -1.1573029e-01
   3.4117587e+03  -1.5403748e-01
   3.4119542e+03  -1.5420532e-01
   3.4121497e+03  -1.4641571e-01
   3.4123452e+03  -1.4930725e-01
   3.4125407e+03  -1.5051270e-01
   3.4127362e+03  -1.4825439e-01
   3.4129317e+03  -1.4375305e-01
   3.4131272e+03  -1.2467194e-01
   3.4133227e+03  -1.5668488e-01
   3.4135182e+03  -1.4440918e-01
   3.4137137e+03  -1.5419006e-01
   3.4139092e+03  -1.6046143e-01
   3.4141047e+03  -1.4675903e-01
   3.4143002e+03  -1.4771271e-01
   3.4144957e+03  -1.3935089e-01
   3.4146912e+03  -1.5905762e-01
   3.4148867e+03  -1.4312744e-01
   3.4150822e+03  -1.3851166e-01
   3.4152777e+03  -1.5262604e-01
   3.4154732e+03  -1.4320374e-01
   3.4156687e+03  -1.5752411e-01
   3.4158642e+03  -1.4569092e-01
   3.4160597e+03  -1.5248871e-01
   3.4162552e+03  -1.5890503e-01
   3.4164507e+03  -1.4148712e-01
   3.4166462e+03  -1.5566254e-01
   3.4168417e+03  -1.6355133e-01
   3.4170372e+03  -1.2944031e-01
   3.4172327e+03  -1.4829254e-01
   3.4174283e+03  -1.3911438e-01
   3.4176238e+03  -1.7356873e-01
   3.4178193e+03  -1.5127563e-01
   3.4180148e+03  -1.4446259e-01
   3.4182103e+03  -1.4444733e-01
   3.4184058e+03  -1.3671112e-01
   3.4186013e+03  -1.3639832e-01
   3.4187968e+03  -1.4112854e-01
   3.4189923e+03  -1.6098785e-01
   3.4191878e+03  -1.1854553e-01
   3.4193833e+03  -1.6112518e-01
   3.4195788e+03  -1.4827728e-01
   3.4197743e+03  -1.4318848e-01
   3.4199698e+03  -1.6299438e-01
   3.4201653e+03  -1.4841461e-01
   3.4203608e+03  -1.5403748e-01
   3.4205563e+03  -1.5685272e-01
   3.4207518e+03  -1.4386749e-01
   3.4209473e+03  -1.5518951e-01
   3.4211428e+03  -1.4486694e-01
   3.4213383e+03  -1.4952850e-01
   3.4215338e+03  -1.4582825e-01
   3.4217293e+03  -1.5568542e-01
   3.4219248e+03  -1.5683746e-01
   3.4221203e+03  -1.5113068e-01
   3.4223158e+03  -1.5019226e-01
   3.4225113e+03  -1.5669250e-01
   3.4227068e+03  -1.4713287e-01
   3.4229023e+03  -1.3693237e-01
   3.4230978e+03  -1.6140747e-01
   3.4232934e+03  -1.4506531e-01
   3.4234889e+03  -1.5287018e-01
   3.4236844e+03  -1.5554047e-01
   3.4238799e+03  -1.5084839e-01
   3.4240754e+03  -1.6662598e-01
   3.4242709e+03  -1.4567566e-01
   3.4244664e+03  -1.6542816e-01
   3.4246619e+03  -1.5227509e-01
   3.4248574e+03  -1.3967133e-01
   3.4250529e+03  -1.6128540e-01
   3.4252484e+03  -1.4724731e-01
   3.4254439e+03  -1.4992523e-01
   3.4256394e+03  -1.6040802e-01
   3.4258349e+03  -1.5203857e-01
   3.4260304e+03  -1.5636444e-01
   3.4262259e+03  -1.5742493e-01
   3.4264214e+03  -1.6996765e-01
   3.4266169e+03  -1.5374756e-01
   3.4268124e+03  -1.6448212e-01
   3.4270079e+03  -1.5406036e-01
   3.4272034e+03  -1.3488007e-01
   3.4273989e+03  -1.4795685e-01
   3.4275944e+03  -1.6808319e-01
   3.4277899e+03  -1.5029907e-01
   3.4279854e+03  -1.5122986e-01
   3.4281809e+03  -1.5894318e-01
   3.4283764e+03  -1.3329315e-01
   3.4285719e+03  -1.3076782e-01
   3.4287674e+03  -1.5738678e-01
   3.4289630e+03  -1.6612244e-01
   3.4291585e+03  -1.4481354e-01
   3.4293540e+03  -1.5985107e-01
   3.4295495e+03  -1.6874695e-01
   3.4297450e+03  -1.4373779e-01
   3.4299405e+03  -1.5003967e-01
   3.4301360e+03  -1.4988708e-01
   3.4303315e+03  -1.6500092e-01
   3.4305270e+03  -1.5183258e-01
   3.4307225e+03  -1.5589905e-01
   3.4309180e+03  -1.4981842e-01
   3.4311135e+03  -1.3658905e-01
   3.4313090e+03  -1.5424347e-01
   3.4315045e+03  -1.4657593e-01
   3.4317000e+03  -1.5234375e-01
