   3.2270000e+03  -1.6704559e-01
   3.2271953e+03  -1.8782806e-01
   3.2273906e+03  -1.7108917e-01
   3.2275859e+03  -1.8019867e-01
   3.2277813e+03  -1.7752075e-01
   3.2279766e+03  -1.8865204e-01
   3.2281719e+03  -1.7742920e-01
   3.2283672e+03  -1.8406677e-01
   3.2285625e+03  -1.8297577e-01
   3.2287578e+03  -1.9409943e-01
   3.2289531e+03  -1.7998505e-01
   3.2291484e+03  -1.7208099e-01
   3.2293438e+03  -1.8112183e-01
   3.2295391e+03  -1.8975830e-01
   3.2297344e+03  -1.8283844e-01
   3.2299297e+03  -1.7243958e-01
   3.2301250e+03  -1.8056488e-01
   3.2303203e+03  -1.7292786e-01
   3.2305156e+03  -1.6955566e-01
   3.2307109e+03  -1.8183899e-01
   3.2309063e+03  -1.7076874e-01
   3.2311016e+03  -1.8277740e-01
   3.2312969e+03  -1.6955566e-01
   3.2314922e+03  -1.8033600e-01
   3.2316875e+03  -1.7449188e-01
   3.2318828e+03  -1.7902374e-01
   3.2320781e+03  -1.7427063e-01
   3.2322734e+03  -1.7798615e-01
   3.2324688e+03  -1.9257355e-01
   3.2326641e+03  -1.7243195e-01
   3.2328594e+03  -1.7372894e-01
   3.2330547e+03  -1.7858124e-01
   3.2332500e+03  -1.7283630e-01
   3.2334453e+03  -1.7617035e-01
   3.2336406e+03  -1.7946625e-01
   3.2338359e+03  -1.8132019e-01
   3.2340313e+03  -1.7372131e-01
   3.2342266e+03  -1.6799927e-01
   3.2344219e+03  -1.7186737e-01
   3.2346172e+03  -1.8434906e-01
   3.2348125e+03  -1.7580414e-01
   3.2350078e+03  -1.7472839e-01
   3.2352031e+03  -1.8766785e-01
   3.2353984e+03  -1.7455292e-01
   3.2355938e+03  -1.8601227e-01
   3.2357891e+03  -1.7333221e-01
   3.2359844e+03  -1.8912506e-01
   3.2361797e+03  -1.7980957e-01
   3.2363750e+03  -1.7211151e-01
   3.2365703e+03  -1.8616486e-01
   3.2367656e+03  -1.6976166e-01
   3.2369609e+03  -1.7941284e-01
   3.2371563e+03  -1.6777039e-01
   3.2373516e+03  -1.7708588e-01
   3.2375469e+03  -1.7645264e-01
   3.2377422e+03  -1.8531036e-01
   3.2379375e+03  -1.8062592e-01
   3.2381328e+03  -1.9022369e-01
   3.2383281e+03  -1.8714905e-01
   3.2385234e+03  -1.9039154e-01
   3.2387188e+03  -1.7047882e-01
   3.2389141e+03  -1.8213654e-01
   3.2391094e+03  -1.6546631e-01
   3.2393047e+03  -1.7005920e-01
   3.2395000e+03  -1.6945648e-01
   3.2396953e+03  -1.8343353e-01
   3.2398906e+03  -1.6933441e-01
   3.2400859e+03  -1.7842865e-01
   3.2402813e+03  -1.7788696e-01
   3.2404766e+03  -1.6142273e-01
   3.2406719e+03  -1.7561340e-01
   3.2408672e+03  -1.7823029e-01
   3.2410625e+03  -1.7545319e-01
   3.2412578e+03  -1.6282654e-01
   3.2414531e+03  -1.6424561e-01
   3.2416484e+03  -1.7584229e-01
   3.2418438e+03  -1.9856262e-01
   3.2420391e+03  -1.8457031e-01
   3.2422344e+03  -1.7417145e-01
   3.2424297e+03  -1.7602539e-01
   3.2426250e+03  -1.9501495e-01
   3.2428203e+03  -1.8231201e-01
   3.2430156e+03  -1.6725922e-01
   3.2432109e+03  -1.7964935e-01
   3.2434063e+03  -1.8431854e-01
   3.2436016e+03  -1.7421722e-01
   3.2437969e+03  -1.8589020e-01
   3.2439922e+03  -1.7031860e-01
   3.2441875e+03  -1.8695068e-01
   3.2443828e+03  -1.8717957e-01
   3.2445781e+03  -1.8224335e-01
   3.2447734e+03  -1.7021942e-01
   3.2449688e+03  -1.7794800e-01
   3.2451641e+03  -1.7763519e-01
   3.2453594e+03  -1.7901611e-01
   3.2455547e+03  -1.7386627e-01
   3.2457500e+03  -1.9290924e-01
   3.2459453e+03  -1.8621063e-01
   3.2461406e+03  -1.8367004e-01
   3.2463359e+03  -1.7711639e-01
   3.2465313e+03  -1.7587280e-01
   3.2467266e+03  -1.7075348e-01
   3.2469219e+03  -1.7619324e-01
   3.2471172e+03  -1.9816589e-01
   3.2473125e+03  -1.8818665e-01
   3.2475078e+03  -1.8815613e-01
   3.2477031e+03  -1.9126892e-01
   3.2478984e+03  -1.8406677e-01
   3.2480938e+03  -1.7839050e-01
   3.2482891e+03  -1.8456268e-01
   3.2484844e+03  -1.7819977e-01
   3.2486797e+03  -1.7127991e-01
   3.2488750e+03  -1.7822266e-01
   3.2490703e+03  -1.8084717e-01
   3.2492656e+03  -1.7665100e-01
   3.2494609e+03  -1.7727661e-01
   3.2496563e+03  -1.8359375e-01
   3.2498516e+03  -1.8188477e-01
   3.2500469e+03  -1.5972137e-01
   3.2502422e+03  -1.9020844e-01
   3.2504375e+03  -1.8016052e-01
   3.2506328e+03  -1.8379974e-01
   3.2508281e+03  -1.8104553e-01
   3.2510234e+03  -1.7755127e-01
   3.2512188e+03  -1.9479370e-01
   3.2514141e+03  -1.8428040e-01
   3.2516094e+03  -1.7867279e-01
   3.2518047e+03  -1.7020416e-01
   3.2520000e+03  -1.7823792e-01
   3.2521953e+03  -1.7409515e-01
   3.2523906e+03  -1.7652893e-01
   3.2525859e+03  -1.7672729e-01
   3.2527813e+03  -1.9245148e-01
   3.2529766e+03  -1.8449402e-01
   3.2531719e+03  -1.7253876e-01
   3.2533672e+03  -1.7382050e-01
   3.2535625e+03  -1.8434906e-01
   3.2537578e+03  -1.8981171e-01
   3.2539531e+03  -1.7502594e-01
   3.2541484e+03  -1.8410492e-01
   3.2543438e+03  -1.9480133e-01
   3.2545391e+03  -1.8450165e-01
   3.2547344e+03  -1.8032074e-01
   3.2549297e+03  -1.8087769e-01
   3.2551250e+03  -1.6805267e-01
   3.2553203e+03  -1.7436981e-01
   3.2555156e+03  -1.7018127e-01
   3.2557109e+03  -1.7878723e-01
   3.2559063e+03  -1.6474152e-01
   3.2561016e+03  -1.7331696e-01
   3.2562969e+03  -1.7004395e-01
   3.2564922e+03  -1.7818451e-01
   3.2566875e+03  -1.8833923e-01
   3.2568828e+03  -1.9271088e-01
   3.2570781e+03  -1.6791534e-01
   3.2572734e+03  -1.8829346e-01
   3.2574688e+03  -1.6941071e-01
   3.2576641e+03  -1.7790985e-01
   3.2578594e+03  -1.8351746e-01
   3.2580547e+03  -1.7174530e-01
   3.2582500e+03  -1.8185425e-01
   3.2584453e+03  -1.8472290e-01
   3.2586406e+03  -1.7636108e-01
   3.2588359e+03  -1.7903137e-01
   3.2590313e+03  -1.7575836e-01
   3.2592266e+03  -1.7070770e-01
   3.2594219e+03  -1.7462921e-01
   3.2596172e+03  -1.8446350e-01
   3.2598125e+03  -1.7091370e-01
   3.2600078e+03  -1.8320465e-01
   3.2602031e+03  -1.7781830e-01
   3.2603984e+03  -1.7044830e-01
   3.2605938e+03  -1.9147491e-01
   3.2607891e+03  -1.6519165e-01
   3.2609844e+03  -1.8273163e-01
   3.2611797e+03  -1.8115234e-01
   3.2613750e+03  -1.8972015e-01
   3.2615703e+03  -1.8111420e-01
   3.2617656e+03  -1.8807983e-01
   3.2619609e+03  -1.7153931e-01
   3.2621563e+03  -1.7861176e-01
   3.2623516e+03  -1.8492126e-01
   3.2625469e+03  -1.7623901e-01
   3.2627422e+03  -1.8398285e-01
   3.2629375e+03  -1.7878723e-01
   3.2631328e+03  -1.6916656e-01
   3.2633281e+03  -1.7945099e-01
   3.2635234e+03  -1.9239044e-01
   3.2637188e+03  -1.7414093e-01
   3.2639141e+03  -1.8819427e-01
   3.2641094e+03  -1.7626190e-01
   3.2643047e+03  -1.8210602e-01
   3.2645000e+03  -1.7086029e-01
   3.2646953e+03  -1.7249298e-01
   3.2648906e+03  -1.7081451e-01
   3.2650859e+03  -1.7944336e-01
   3.2652813e+03  -1.8054962e-01
   3.2654766e+03  -1.8997192e-01
   3.2656719e+03  -1.7064667e-01
   3.2658672e+03  -1.5850830e-01
   3.2660625e+03  -1.7544556e-01
   3.2662578e+03  -1.7054749e-01
   3.2664531e+03  -1.7375946e-01
   3.2666484e+03  -1.7902374e-01
   3.2668438e+03  -1.7713165e-01
   3.2670391e+03  -1.7311859e-01
   3.2672344e+03  -1.7946625e-01
   3.2674297e+03  -1.8923187e-01
   3.2676250e+03  -1.8755341e-01
   3.2678203e+03  -1.8503571e-01
   3.2680156e+03  -1.8328094e-01
   3.2682109e+03  -1.8360138e-01
   3.2684063e+03  -1.8131256e-01
   3.2686016e+03  -1.8876648e-01
   3.2687969e+03  -2.0171356e-01
   3.2689922e+03  -1.6471863e-01
   3.2691875e+03  -1.7945099e-01
   3.2693828e+03  -1.7300415e-01
   3.2695781e+03  -1.9026947e-01
   3.2697734e+03  -1.7606354e-01
   3.2699688e+03  -1.7183685e-01
   3.2701641e+03  -1.8006897e-01
   3.2703594e+03  -1.6879272e-01
   3.2705547e+03  -1.8917847e-01
   3.2707500e+03  -1.7334747e-01
   3.2709453e+03  -1.7722321e-01
   3.2711406e+03  -1.7456818e-01
   3.2713359e+03  -1.7192078e-01
   3.2715313e+03  -1.8058014e-01
   3.2717266e+03  -1.7969513e-01
   3.2719219e+03  -1.8559265e-01
   3.2721172e+03  -1.8804169e-01
   3.2723125e+03  -1.7600250e-01
   3.2725078e+03  -1.7677307e-01
   3.2727031e+03  -1.7961884e-01
   3.2728984e+03  -1.7234802e-01
   3.2730938e+03  -1.9035339e-01
   3.2732891e+03  -1.7268372e-01
   3.2734844e+03  -1.7093658e-01
   3.2736797e+03  -1.7700958e-01
   3.2738750e+03  -1.6883850e-01
   3.2740703e+03  -1.7672729e-01
   3.2742656e+03  -1.6371918e-01
   3.2744609e+03  -1.6006470e-01
   3.2746563e+03  -1.8675995e-01
   3.2748516e+03  -1.7296600e-01
   3.2750469e+03  -1.8084717e-01
   3.2752422e+03  -1.6924286e-01
   3.2754375e+03  -1.7057800e-01
   3.2756328e+03  -1.7145538e-01
   3.2758281e+03  -1.7550659e-01
   3.2760234e+03  -1.8428802e-01
   3.2762188e+03  -1.7611694e-01
   3.2764141e+03  -1.7213440e-01
   3.2766094e+03  -1.8360901e-01
   3.2768047e+03  -1.7890167e-01
   3.2770000e+03  -1.8480682e-01
   3.2771953e+03  -1.8374634e-01
   3.2773906e+03  -1.8392181e-01
   3.2775859e+03  -1.8289185e-01
   3.2777813e+03  -1.8856049e-01
   3.2779766e+03  -1.7040253e-01
   3.2781719e+03  -1.6506195e-01
   3.2783672e+03  -1.7076874e-01
   3.2785625e+03  -1.6656494e-01
   3.2787578e+03  -1.8656158e-01
   3.2789531e+03  -1.7206573e-01
   3.2791484e+03  -1.7604065e-01
   3.2793438e+03  -1.8254089e-01
   3.2795391e+03  -1.8419647e-01
   3.2797344e+03  -1.7060089e-01
   3.2799297e+03  -1.8621063e-01
   3.2801250e+03  -1.8165588e-01
   3.2803203e+03  -1.7746735e-01
   3.2805156e+03  -1.8210602e-01
   3.2807109e+03  -1.7716980e-01
   3.2809063e+03  -1.9407654e-01
   3.2811016e+03  -1.7378998e-01
   3.2812969e+03  -1.6661835e-01
   3.2814922e+03  -1.7977142e-01
   3.2816875e+03  -1.7729950e-01
   3.2818828e+03  -1.7606354e-01
   3.2820781e+03  -1.7852020e-01
   3.2822734e+03  -1.7171478e-01
   3.2824688e+03  -1.7037964e-01
   3.2826641e+03  -1.7473602e-01
   3.2828594e+03  -1.7861176e-01
   3.2830547e+03  -1.6414642e-01
   3.2832500e+03  -1.6949463e-01
   3.2834453e+03  -1.7921448e-01
   3.2836406e+03  -1.7350769e-01
   3.2838359e+03  -1.8030548e-01
   3.2840313e+03  -1.6191101e-01
   3.2842266e+03  -1.6731262e-01
   3.2844219e+03  -1.7764282e-01
   3.2846172e+03  -1.8169403e-01
   3.2848125e+03  -1.7707825e-01
   3.2850078e+03  -1.8999481e-01
   3.2852031e+03  -1.6253662e-01
   3.2853984e+03  -1.6835022e-01
   3.2855938e+03  -1.8265533e-01
   3.2857891e+03  -1.7765808e-01
   3.2859844e+03  -1.7575073e-01
   3.2861797e+03  -1.8452454e-01
   3.2863750e+03  -1.7834473e-01
   3.2865703e+03  -1.7679596e-01
   3.2867656e+03  -1.5901184e-01
   3.2869609e+03  -1.8305206e-01
   3.2871563e+03  -1.8565369e-01
   3.2873516e+03  -1.6825867e-01
   3.2875469e+03  -1.7585754e-01
   3.2877422e+03  -1.8833160e-01
   3.2879375e+03  -1.7928314e-01
   3.2881328e+03  -1.8048859e-01
   3.2883281e+03  -1.6878510e-01
   3.2885234e+03  -1.6081238e-01
   3.2887188e+03  -1.7125702e-01
   3.2889141e+03  -1.5714264e-01
   3.2891094e+03  -1.7322540e-01
   3.2893047e+03  -1.6310883e-01
   3.2895000e+03  -1.7143250e-01
   3.2896953e+03  -1.6942596e-01
   3.2898906e+03  -1.7024231e-01
   3.2900859e+03  -1.6687775e-01
   3.2902813e+03  -1.7633820e-01
   3.2904766e+03  -1.8183899e-01
   3.2906719e+03  -1.5152740e-01
   3.2908672e+03  -1.7539978e-01
   3.2910625e+03  -1.6164398e-01
   3.2912578e+03  -1.6458130e-01
   3.2914531e+03  -1.7504120e-01
   3.2916484e+03  -1.6912842e-01
   3.2918438e+03  -1.8108368e-01
   3.2920391e+03  -1.6812134e-01
   3.2922344e+03  -1.6043854e-01
   3.2924297e+03  -1.7404938e-01
   3.2926250e+03  -1.6477203e-01
   3.2928203e+03  -1.5534210e-01
   3.2930156e+03  -1.5597534e-01
   3.2932109e+03  -1.6039276e-01
   3.2934063e+03  -1.7050171e-01
   3.2936016e+03  -1.6297913e-01
   3.2937969e+03  -1.5480042e-01
   3.2939922e+03  -1.4207458e-01
   3.2941875e+03  -1.4881897e-01
   3.2943828e+03  -1.6024017e-01
   3.2945781e+03  -1.5917969e-01
   3.2947734e+03  -1.4685822e-01
   3.2949688e+03  -1.4672089e-01
   3.2951641e+03  -1.4885712e-01
   3.2953594e+03  -1.3121033e-01
   3.2955547e+03  -1.6203308e-01
   3.2957500e+03  -1.2909698e-01
   3.2959453e+03  -1.2876129e-01
   3.2961406e+03  -1.3966370e-01
   3.2963359e+03  -1.2532043e-01
   3.2965313e+03  -1.1961365e-01
   3.2967266e+03  -1.3204193e-01
   3.2969219e+03  -1.2998962e-01
   3.2971172e+03  -1.0149384e-01
   3.2973125e+03  -1.0536957e-01
   3.2975078e+03  -1.0856628e-01
   3.2977031e+03  -9.5504761e-02
   3.2978984e+03  -1.0272980e-01
   3.2980938e+03  -8.5586548e-02
   3.2982891e+03  -6.7512512e-02
   3.2984844e+03  -7.6461792e-02
   3.2986797e+03  -5.3657532e-02
   3.2988750e+03  -5.9509277e-02
   3.2990703e+03  -3.5476685e-02
   3.2992656e+03  -9.0332031e-03
   3.2994609e+03  -1.7395020e-02
   3.2996563e+03  -1.2741089e-03
   3.2998516e+03   5.4718018e-02
   3.3000469e+03   6.1805725e-02
   3.3002422e+03   8.4228516e-02
   3.3004375e+03   1.0889435e-01
   3.3006328e+03   1.5386963e-01
   3.3008281e+03   1.9509888e-01
   3.3010234e+03   2.2312164e-01
   3.3012188e+03   2.9174805e-01
   3.3014141e+03   3.5340881e-01
   3.3016094e+03   4.1394043e-01
   3.3018047e+03   5.0146484e-01
   3.3020000e+03   5.4764557e-01
   3.3021953e+03   6.1796570e-01
   3.3023906e+03   6.7824554e-01
   3.3025859e+03   7.1877289e-01
   3.3027813e+03   7.0468140e-01
   3.3029766e+03   6.4611053e-01
   3.3031719e+03   5.4077148e-01
   3.3033672e+03   3.7625885e-01
   3.3035625e+03   1.5821075e-01
   3.3037578e+03  -9.0194702e-02
   3.3039531e+03  -3.5517120e-01
   3.3041484e+03  -6.1114502e-01
   3.3043438e+03  -8.2292175e-01
   3.3045391e+03  -9.4940186e-01
   3.3047344e+03  -1.0575714e+00
   3.3049297e+03  -1.0914078e+00
   3.3051250e+03  -1.0882187e+00
   3.3053203e+03  -1.0435333e+00
   3.3055156e+03  -9.5829773e-01
   3.3057109e+03  -9.1866302e-01
   3.3059063e+03  -8.2826233e-01
   3.3061016e+03  -7.3899841e-01
   3.3062969e+03  -6.7880249e-01
   3.3064922e+03  -6.1379242e-01
   3.3066875e+03  -5.6679535e-01
   3.3068828e+03  -4.9288940e-01
   3.3070781e+03  -4.5883179e-01
   3.3072734e+03  -4.2630005e-01
   3.3074688e+03  -3.9232635e-01
   3.3076641e+03  -3.7478638e-01
   3.3078594e+03  -3.5298920e-01
   3.3080547e+03  -3.3430481e-01
   3.3082500e+03  -3.2311249e-01
   3.3084453e+03  -3.1298828e-01
   3.3086406e+03  -2.9819489e-01
   3.3088359e+03  -2.9588318e-01
   3.3090313e+03  -2.8843689e-01
   3.3092266e+03  -2.7925110e-01
   3.3094219e+03  -2.6483154e-01
   3.3096172e+03  -2.5291443e-01
   3.3098125e+03  -2.6063538e-01
   3.3100078e+03  -2.3475647e-01
   3.3102031e+03  -2.2309113e-01
   3.3103984e+03  -2.2644806e-01
   3.3105938e+03  -2.2016907e-01
   3.3107891e+03  -1.9770050e-01
   3.3109844e+03  -1.8580627e-01
   3.3111797e+03  -1.8511200e-01
   3.3113750e+03  -1.6760254e-01
   3.3115703e+03  -1.7414093e-01
   3.3117656e+03  -1.6909790e-01
   3.3119609e+03  -1.8135071e-01
   3.3121563e+03  -1.6738892e-01
   3.3123516e+03  -1.4637756e-01
   3.3125469e+03  -1.4981079e-01
   3.3127422e+03  -1.3845825e-01
   3.3129375e+03  -1.3899231e-01
   3.3131328e+03  -1.2078094e-01
   3.3133281e+03  -1.1630249e-01
   3.3135234e+03  -1.2317657e-01
   3.3137188e+03  -9.3200684e-02
   3.3139141e+03  -1.0037231e-01
   3.3141094e+03  -8.0047607e-02
   3.3143047e+03  -7.2891235e-02
   3.3145000e+03  -6.9961548e-02
   3.3146953e+03  -4.5707703e-02
   3.3148906e+03  -4.6226501e-02
   3.3150859e+03  -1.9706726e-02
   3.3152813e+03   6.7749023e-03
   3.3154766e+03   3.0815125e-02
   3.3156719e+03   5.6411743e-02
   3.3158672e+03   8.3114624e-02
   3.3160625e+03   1.2029266e-01
   3.3162578e+03   1.6017151e-01
   3.3164531e+03   2.2711182e-01
   3.3166484e+03   3.0211639e-01
   3.3168438e+03   3.8059998e-01
   3.3170391e+03   4.7532654e-01
   3.3172344e+03   5.8869171e-01
   3.3174297e+03   7.0124054e-01
   3.3176250e+03   8.1430817e-01
   3.3178203e+03   9.3038940e-01
   3.3180156e+03   1.0025330e+00
   3.3182109e+03   1.0175400e+00
   3.3184063e+03   9.7573853e-01
   3.3186016e+03   8.5990906e-01
   3.3187969e+03   6.3825226e-01
   3.3189922e+03   3.6666107e-01
   3.3191875e+03   3.1188965e-02
   3.3193828e+03  -3.4215546e-01
   3.3195781e+03  -6.7070770e-01
   3.3197734e+03  -9.4850922e-01
   3.3199688e+03  -1.1567001e+00
   3.3201641e+03  -1.2807922e+00
   3.3203594e+03  -1.3017883e+00
   3.3205547e+03  -1.2663498e+00
   3.3207500e+03  -1.2041016e+00
   3.3209453e+03  -1.0998917e+00
   3.3211406e+03  -9.9681854e-01
   3.3213359e+03  -8.8085938e-01
   3.3215313e+03  -8.0516052e-01
   3.3217266e+03  -7.2615814e-01
   3.3219219e+03  -6.4671326e-01
   3.3221172e+03  -5.8894348e-01
   3.3223125e+03  -5.2531433e-01
   3.3225078e+03  -4.7781372e-01
   3.3227031e+03  -4.3901062e-01
   3.3228984e+03  -4.1453552e-01
   3.3230938e+03  -3.7717438e-01
   3.3232891e+03  -3.7596130e-01
   3.3234844e+03  -3.3723450e-01
   3.3236797e+03  -3.2603455e-01
   3.3238750e+03  -3.0529785e-01
   3.3240703e+03  -2.8984833e-01
   3.3242656e+03  -2.8478241e-01
   3.3244609e+03  -2.8083038e-01
   3.3246563e+03  -2.5377655e-01
   3.3248516e+03  -2.4832916e-01
   3.3250469e+03  -2.5202942e-01
   3.3252422e+03  -2.1577454e-01
   3.3254375e+03  -2.3068237e-01
   3.3256328e+03  -2.0397186e-01
   3.3258281e+03  -2.2364044e-01
   3.3260234e+03  -2.0133972e-01
   3.3262188e+03  -1.8309021e-01
   3.3264141e+03  -1.9806671e-01
   3.3266094e+03  -1.7986298e-01
   3.3268047e+03  -1.9113922e-01
   3.3270000e+03  -1.6022491e-01
   3.3271953e+03  -1.5750122e-01
   3.3273906e+03  -1.3449860e-01
   3.3275859e+03  -1.4705658e-01
   3.3277813e+03  -1.4285278e-01
   3.3279766e+03  -1.2293243e-01
   3.3281719e+03  -1.1763000e-01
   3.3283672e+03  -1.0623169e-01
   3.3285625e+03  -1.1029816e-01
   3.3287578e+03  -1.1606598e-01
   3.3289531e+03  -8.7219238e-02
   3.3291484e+03  -7.8056335e-02
   3.3293438e+03  -6.9335938e-02
   3.3295391e+03  -5.1918030e-02
   3.3297344e+03  -6.4628601e-02
   3.3299297e+03  -4.5257568e-02
   3.3301250e+03  -3.2768250e-02
   3.3303203e+03  -2.0423889e-02
   3.3305156e+03  -2.1965027e-02
   3.3307109e+03  -1.3275146e-03
   3.3309063e+03   2.3109436e-02
   3.3311016e+03   4.0695190e-02
   3.3312969e+03   4.4937134e-02
   3.3314922e+03   6.4643860e-02
   3.3316875e+03   9.2407227e-02
   3.3318828e+03   1.0216522e-01
   3.3320781e+03   1.1447906e-01
   3.3322734e+03   1.2825012e-01
   3.3324688e+03   1.4888763e-01
   3.3326641e+03   1.4950562e-01
   3.3328594e+03   1.6231537e-01
   3.3330547e+03   1.4285278e-01
   3.3332500e+03   1.3018036e-01
   3.3334453e+03   1.2385559e-01
   3.3336406e+03   9.9426270e-02
   3.3338359e+03   8.0101013e-02
   3.3340313e+03   3.9360046e-02
   3.3342266e+03  -2.8900146e-02
   3.3344219e+03  -8.3206177e-02
   3.3346172e+03  -1.4274597e-01
   3.3348125e+03  -2.0907593e-01
   3.3350078e+03  -2.6298523e-01
   3.3352031e+03  -3.2338715e-01
   3.3353984e+03  -3.8315582e-01
   3.3355938e+03  -4.1869354e-01
   3.3357891e+03  -4.4763947e-01
   3.3359844e+03  -4.6974182e-01
   3.3361797e+03  -4.7362518e-01
   3.3363750e+03  -4.8154449e-01
   3.3365703e+03  -4.6271515e-01
   3.3367656e+03  -4.5603943e-01
   3.3369609e+03  -4.6318054e-01
   3.3371563e+03  -4.4443512e-01
   3.3373516e+03  -4.4901276e-01
   3.3375469e+03  -4.1300201e-01
   3.3377422e+03  -4.3188477e-01
   3.3379375e+03  -3.9633179e-01
   3.3381328e+03  -3.9145660e-01
   3.3383281e+03  -3.8293457e-01
   3.3385234e+03  -3.8410187e-01
   3.3387188e+03  -3.4329224e-01
   3.3389141e+03  -3.5189819e-01
   3.3391094e+03  -3.3521271e-01
   3.3393047e+03  -3.2415009e-01
   3.3395000e+03  -3.1111908e-01
   3.3396953e+03  -3.2058716e-01
   3.3398906e+03  -2.9650116e-01
   3.3400859e+03  -2.8705597e-01
   3.3402813e+03  -2.7974701e-01
   3.3404766e+03  -2.9234314e-01
   3.3406719e+03  -2.8049469e-01
   3.3408672e+03  -2.6451111e-01
   3.3410625e+03  -2.4369812e-01
   3.3412578e+03  -2.4695587e-01
   3.3414531e+03  -2.5308228e-01
   3.3416484e+03  -2.4660492e-01
   3.3418438e+03  -2.5083923e-01
   3.3420391e+03  -2.3836517e-01
   3.3422344e+03  -2.4098969e-01
   3.3424297e+03  -2.3411560e-01
   3.3426250e+03  -2.3320007e-01
   3.3428203e+03  -2.2504425e-01
   3.3430156e+03  -2.3152924e-01
   3.3432109e+03  -2.0316315e-01
   3.3434063e+03  -2.1512604e-01
   3.3436016e+03  -2.2182465e-01
   3.3437969e+03  -2.2064972e-01
   3.3439922e+03  -2.1282196e-01
   3.3441875e+03  -2.0581055e-01
   3.3443828e+03  -2.2025299e-01
   3.3445781e+03  -1.9951630e-01
   3.3447734e+03  -2.0404816e-01
   3.3449688e+03  -2.0776367e-01
   3.3451641e+03  -2.1920013e-01
   3.3453594e+03  -2.1952820e-01
   3.3455547e+03  -1.9730377e-01
   3.3457500e+03  -2.1556091e-01
   3.3459453e+03  -2.0435333e-01
   3.3461406e+03  -2.0413971e-01
   3.3463359e+03  -1.8306732e-01
   3.3465313e+03  -2.0853424e-01
   3.3467266e+03  -2.0155334e-01
   3.3469219e+03  -1.9625854e-01
   3.3471172e+03  -1.9490051e-01
   3.3473125e+03  -1.9363403e-01
   3.3475078e+03  -1.8531036e-01
   3.3477031e+03  -2.0982361e-01
   3.3478984e+03  -1.9306946e-01
   3.3480938e+03  -1.9151306e-01
   3.3482891e+03  -1.8294525e-01
   3.3484844e+03  -1.9183350e-01
   3.3486797e+03  -1.9483185e-01
   3.3488750e+03  -1.9123840e-01
   3.3490703e+03  -1.8185425e-01
   3.3492656e+03  -1.8371582e-01
   3.3494609e+03  -1.8228912e-01
   3.3496563e+03  -1.8181610e-01
   3.3498516e+03  -1.9313049e-01
   3.3500469e+03  -1.8959045e-01
   3.3502422e+03  -1.8924713e-01
   3.3504375e+03  -1.8840790e-01
   3.3506328e+03  -1.8360138e-01
   3.3508281e+03  -1.6962433e-01
   3.3510234e+03  -1.7669678e-01
   3.3512188e+03  -1.6471863e-01
   3.3514141e+03  -2.0206451e-01
   3.3516094e+03  -1.8196869e-01
   3.3518047e+03  -1.8874359e-01
   3.3520000e+03  -1.6693115e-01
   3.3521953e+03  -1.8705750e-01
   3.3523906e+03  -1.8328857e-01
   3.3525859e+03  -1.8805695e-01
   3.3527813e+03  -1.9415283e-01
   3.3529766e+03  -1.8997192e-01
   3.3531719e+03  -1.7176819e-01
   3.3533672e+03  -1.6429138e-01
   3.3535625e+03  -1.9432068e-01
   3.3537578e+03  -1.9198608e-01
   3.3539531e+03  -1.7594147e-01
   3.3541484e+03  -1.6786957e-01
   3.3543438e+03  -1.9517517e-01
   3.3545391e+03  -1.8142700e-01
   3.3547344e+03  -1.9029999e-01
   3.3549297e+03  -1.7463684e-01
   3.3551250e+03  -1.7915344e-01
   3.3553203e+03  -1.6655731e-01
   3.3555156e+03  -1.7797089e-01
   3.3557109e+03  -1.8744659e-01
   3.3559063e+03  -1.6911316e-01
   3.3561016e+03  -1.9351196e-01
   3.3562969e+03  -1.6597748e-01
   3.3564922e+03  -1.7912292e-01
   3.3566875e+03  -1.6371155e-01
   3.3568828e+03  -1.8428802e-01
   3.3570781e+03  -1.7961884e-01
   3.3572734e+03  -1.7706299e-01
   3.3574688e+03  -1.8935394e-01
   3.3576641e+03  -1.6860962e-01
   3.3578594e+03  -1.7532349e-01
   3.3580547e+03  -1.8183136e-01
   3.3582500e+03  -1.7988586e-01
   3.3584453e+03  -1.7742920e-01
   3.3586406e+03  -1.7781067e-01
   3.3588359e+03  -1.8203735e-01
   3.3590313e+03  -1.8484497e-01
   3.3592266e+03  -1.7483521e-01
   3.3594219e+03  -1.8526459e-01
   3.3596172e+03  -1.6741180e-01
   3.3598125e+03  -1.9011688e-01
   3.3600078e+03  -1.8168640e-01
   3.3602031e+03  -1.7434692e-01
   3.3603984e+03  -1.7772675e-01
   3.3605938e+03  -1.7640686e-01
   3.3607891e+03  -1.7886353e-01
   3.3609844e+03  -1.7792511e-01
   3.3611797e+03  -1.8186188e-01
   3.3613750e+03  -1.6721344e-01
   3.3615703e+03  -1.7739105e-01
   3.3617656e+03  -1.7182159e-01
   3.3619609e+03  -1.8213654e-01
   3.3621563e+03  -1.6448212e-01
   3.3623516e+03  -1.7586517e-01
   3.3625469e+03  -1.6938782e-01
   3.3627422e+03  -1.6118622e-01
   3.3629375e+03  -1.7835999e-01
   3.3631328e+03  -1.7503357e-01
   3.3633281e+03  -1.8658447e-01
   3.3635234e+03  -1.7375946e-01
   3.3637188e+03  -1.6847992e-01
   3.3639141e+03  -1.7483521e-01
   3.3641094e+03  -1.8415833e-01
   3.3643047e+03  -1.7720795e-01
   3.3645000e+03  -1.7514801e-01
   3.3646953e+03  -1.7397308e-01
   3.3648906e+03  -1.7472839e-01
   3.3650859e+03  -1.7522430e-01
   3.3652813e+03  -1.7409515e-01
   3.3654766e+03  -1.7732239e-01
   3.3656719e+03  -1.7232513e-01
   3.3658672e+03  -1.7727661e-01
   3.3660625e+03  -1.7542267e-01
   3.3662578e+03  -1.7004395e-01
   3.3664531e+03  -1.7397308e-01
   3.3666484e+03  -1.7011261e-01
   3.3668438e+03  -1.7047119e-01
   3.3670391e+03  -1.7938232e-01
   3.3672344e+03  -1.8273926e-01
   3.3674297e+03  -1.6766357e-01
   3.3676250e+03  -1.8959808e-01
   3.3678203e+03  -1.7487335e-01
   3.3680156e+03  -1.7391205e-01
   3.3682109e+03  -1.8613434e-01
   3.3684063e+03  -1.7832947e-01
   3.3686016e+03  -1.8033600e-01
   3.3687969e+03  -1.7273712e-01
   3.3689922e+03  -1.7230988e-01
   3.3691875e+03  -1.7950439e-01
   3.3693828e+03  -1.7538452e-01
   3.3695781e+03  -1.7744446e-01
   3.3697734e+03  -1.8206024e-01
   3.3699688e+03  -1.7903137e-01
   3.3701641e+03  -1.6763306e-01
   3.3703594e+03  -1.8187714e-01
   3.3705547e+03  -1.8224335e-01
   3.3707500e+03  -1.7752838e-01
   3.3709453e+03  -1.7156982e-01
   3.3711406e+03  -1.7366028e-01
   3.3713359e+03  -1.5781403e-01
   3.3715313e+03  -1.7297363e-01
   3.3717266e+03  -1.7417145e-01
   3.3719219e+03  -1.8187714e-01
   3.3721172e+03  -1.7015076e-01
   3.3723125e+03  -1.9257355e-01
   3.3725078e+03  -1.6274261e-01
   3.3727031e+03  -1.7385101e-01
   3.3728984e+03  -1.7850494e-01
   3.3730938e+03  -1.6838074e-01
   3.3732891e+03  -1.7626190e-01
   3.3734844e+03  -1.6591644e-01
   3.3736797e+03  -1.7985535e-01
   3.3738750e+03  -1.6036987e-01
   3.3740703e+03  -1.6585541e-01
   3.3742656e+03  -1.6727448e-01
   3.3744609e+03  -1.7738342e-01
   3.3746563e+03  -1.8238831e-01
   3.3748516e+03  -1.5913391e-01
   3.3750469e+03  -1.6409302e-01
   3.3752422e+03  -1.8251801e-01
   3.3754375e+03  -1.8161774e-01
   3.3756328e+03  -1.8115234e-01
   3.3758281e+03  -1.8484497e-01
   3.3760234e+03  -1.9152832e-01
   3.3762188e+03  -1.9396210e-01
   3.3764141e+03  -1.6748810e-01
   3.3766094e+03  -1.7376709e-01
   3.3768047e+03  -1.6569519e-01
   3.3770000e+03  -1.7205811e-01
   3.3771953e+03  -1.6571045e-01
   3.3773906e+03  -1.8220520e-01
   3.3775859e+03  -1.7577362e-01
   3.3777813e+03  -1.7334747e-01
   3.3779766e+03  -1.9030762e-01
   3.3781719e+03  -1.7282867e-01
   3.3783672e+03  -1.7845917e-01
   3.3785625e+03  -1.6825867e-01
   3.3787578e+03  -1.8372345e-01
   3.3789531e+03  -1.7277527e-01
   3.3791484e+03  -1.7188263e-01
   3.3793438e+03  -1.6867065e-01
   3.3795391e+03  -1.7974091e-01
   3.3797344e+03  -1.8241119e-01
   3.3799297e+03  -1.7713928e-01
   3.3801250e+03  -1.6632080e-01
   3.3803203e+03  -1.8725586e-01
   3.3805156e+03  -1.8242645e-01
   3.3807109e+03  -1.6503906e-01
   3.3809063e+03  -1.8779755e-01
   3.3811016e+03  -1.8010712e-01
   3.3812969e+03  -1.8621826e-01
   3.3814922e+03  -1.8067169e-01
   3.3816875e+03  -1.7562103e-01
   3.3818828e+03  -1.7613983e-01
   3.3820781e+03  -1.7089081e-01
   3.3822734e+03  -1.7507935e-01
   3.3824688e+03  -1.7005920e-01
   3.3826641e+03  -1.8319702e-01
   3.3828594e+03  -1.6381073e-01
   3.3830547e+03  -1.7916107e-01
   3.3832500e+03  -1.6799927e-01
   3.3834453e+03  -1.7967224e-01
   3.3836406e+03  -1.7636108e-01
   3.3838359e+03  -1.8867493e-01
   3.3840313e+03  -1.6947937e-01
   3.3842266e+03  -1.8450165e-01
   3.3844219e+03  -1.7491913e-01
   3.3846172e+03  -1.7845154e-01
   3.3848125e+03  -1.9540405e-01
   3.3850078e+03  -1.6188812e-01
   3.3852031e+03  -1.7285156e-01
   3.3853984e+03  -1.6574097e-01
   3.3855938e+03  -1.8246460e-01
   3.3857891e+03  -1.7006683e-01
   3.3859844e+03  -1.8830872e-01
   3.3861797e+03  -1.6913605e-01
   3.3863750e+03  -1.6584015e-01
   3.3865703e+03  -1.7786407e-01
   3.3867656e+03  -1.6973877e-01
   3.3869609e+03  -1.7583466e-01
   3.3871563e+03  -1.7094421e-01
   3.3873516e+03  -1.6202545e-01
   3.3875469e+03  -1.6752625e-01
   3.3877422e+03  -1.7457581e-01
   3.3879375e+03  -1.7932129e-01
   3.3881328e+03  -1.8179321e-01
   3.3883281e+03  -1.7352295e-01
   3.3885234e+03  -1.7294312e-01
   3.3887188e+03  -1.8100739e-01
   3.3889141e+03  -1.6381836e-01
   3.3891094e+03  -1.8338013e-01
   3.3893047e+03  -1.6566467e-01
   3.3895000e+03  -1.8328094e-01
   3.3896953e+03  -1.8550873e-01
   3.3898906e+03  -1.5480804e-01
   3.3900859e+03  -1.6449738e-01
   3.3902813e+03  -1.8455505e-01
   3.3904766e+03  -1.7211151e-01
   3.3906719e+03  -1.7626953e-01
   3.3908672e+03  -1.8299103e-01
   3.3910625e+03  -1.7020416e-01
   3.3912578e+03  -1.7434692e-01
   3.3914531e+03  -1.6646576e-01
   3.3916484e+03  -1.7581940e-01
   3.3918438e+03  -1.7311096e-01
   3.3920391e+03  -1.6876221e-01
   3.3922344e+03  -1.8167114e-01
   3.3924297e+03  -1.6421509e-01
   3.3926250e+03  -1.7778778e-01
   3.3928203e+03  -1.7839050e-01
   3.3930156e+03  -1.7668915e-01
   3.3932109e+03  -1.7671204e-01
   3.3934063e+03  -1.7786407e-01
   3.3936016e+03  -1.5668488e-01
   3.3937969e+03  -1.7620850e-01
   3.3939922e+03  -1.6400146e-01
   3.3941875e+03  -1.5815735e-01
   3.3943828e+03  -1.6711426e-01
   3.3945781e+03  -1.7016602e-01
   3.3947734e+03  -1.7278290e-01
   3.3949688e+03  -1.7748260e-01
   3.3951641e+03  -1.9979095e-01
   3.3953594e+03  -1.7981720e-01
   3.3955547e+03  -1.6136932e-01
   3.3957500e+03  -1.9319153e-01
   3.3959453e+03  -1.8144989e-01
   3.3961406e+03  -1.8082428e-01
   3.3963359e+03  -1.6513062e-01
   3.3965313e+03  -1.6537476e-01
   3.3967266e+03  -1.8058777e-01
   3.3969219e+03  -1.8252563e-01
   3.3971172e+03  -1.7161560e-01
   3.3973125e+03  -1.8093109e-01
   3.3975078e+03  -1.9237518e-01
   3.3977031e+03  -1.7716217e-01
   3.3978984e+03  -1.7507935e-01
   3.3980938e+03  -1.7665863e-01
   3.3982891e+03  -1.7570496e-01
   3.3984844e+03  -1.7208862e-01
   3.3986797e+03  -1.6390228e-01
   3.3988750e+03  -1.6709900e-01
   3.3990703e+03  -1.8786621e-01
   3.3992656e+03  -1.6548920e-01
   3.3994609e+03  -1.7453003e-01
   3.3996563e+03  -1.7092896e-01
   3.3998516e+03  -1.7839050e-01
   3.4000469e+03  -1.7678070e-01
   3.4002422e+03  -1.6929626e-01
   3.4004375e+03  -1.6997528e-01
   3.4006328e+03  -1.7407990e-01
   3.4008281e+03  -1.6847992e-01
   3.4010234e+03  -1.7031097e-01
   3.4012188e+03  -1.7127991e-01
   3.4014141e+03  -1.7546844e-01
   3.4016094e+03  -1.7221069e-01
   3.4018047e+03  -1.7016602e-01
   3.4020000e+03  -1.7474365e-01
   3.4021953e+03  -1.6951752e-01
   3.4023906e+03  -1.6191864e-01
   3.4025859e+03  -1.8006897e-01
   3.4027813e+03  -1.6959381e-01
   3.4029766e+03  -1.8178558e-01
   3.4031719e+03  -1.7768860e-01
   3.4033672e+03  -1.6738129e-01
   3.4035625e+03  -1.7050934e-01
   3.4037578e+03  -1.7852020e-01
   3.4039531e+03  -1.7205811e-01
   3.4041484e+03  -1.6661072e-01
   3.4043438e+03  -1.6571045e-01
   3.4045391e+03  -1.6471863e-01
   3.4047344e+03  -1.7736053e-01
   3.4049297e+03  -1.7384338e-01
   3.4051250e+03  -1.8090820e-01
   3.4053203e+03  -1.6812134e-01
   3.4055156e+03  -1.7404938e-01
   3.4057109e+03  -1.7523193e-01
   3.4059063e+03  -1.7304230e-01
   3.4061016e+03  -1.6981506e-01
   3.4062969e+03  -1.8743134e-01
   3.4064922e+03  -1.8376923e-01
   3.4066875e+03  -1.7248535e-01
   3.4068828e+03  -1.8057251e-01
   3.4070781e+03  -1.7037964e-01
   3.4072734e+03  -1.6903687e-01
   3.4074688e+03  -1.6138458e-01
   3.4076641e+03  -1.6323853e-01
   3.4078594e+03  -1.7279816e-01
   3.4080547e+03  -1.7104340e-01
   3.4082500e+03  -1.7652130e-01
   3.4084453e+03  -1.8604279e-01
   3.4086406e+03  -1.8091583e-01
   3.4088359e+03  -1.7497253e-01
   3.4090313e+03  -1.7928314e-01
   3.4092266e+03  -1.7514801e-01
   3.4094219e+03  -1.8859863e-01
   3.4096172e+03  -1.6596222e-01
   3.4098125e+03  -1.6722107e-01
   3.4100078e+03  -1.6093445e-01
   3.4102031e+03  -1.7054749e-01
   3.4103984e+03  -1.6813660e-01
   3.4105938e+03  -1.7001343e-01
   3.4107891e+03  -1.7890930e-01
   3.4109844e+03  -1.7192841e-01
   3.4111797e+03  -1.7816925e-01
   3.4113750e+03  -1.7586517e-01
   3.4115703e+03  -1.8328094e-01
   3.4117656e+03  -1.5772247e-01
   3.4119609e+03  -1.7407990e-01
   3.4121563e+03  -1.6933441e-01
   3.4123516e+03  -1.9198608e-01
   3.4125469e+03  -1.6333008e-01
   3.4127422e+03  -1.5736389e-01
   3.4129375e+03  -1.7611694e-01
   3.4131328e+03  -1.7337799e-01
   3.4133281e+03  -1.8217468e-01
   3.4135234e+03  -1.7997742e-01
   3.4137188e+03  -1.6168976e-01
   3.4139141e+03  -1.6825867e-01
   3.4141094e+03  -1.6322327e-01
   3.4143047e+03  -1.6339874e-01
   3.4145000e+03  -1.7527771e-01
   3.4146953e+03  -1.7404938e-01
   3.4148906e+03  -1.6973114e-01
   3.4150859e+03  -1.6842651e-01
   3.4152813e+03  -1.7255402e-01
   3.4154766e+03  -1.7960358e-01
   3.4156719e+03  -1.7697906e-01
   3.4158672e+03  -1.7327118e-01
   3.4160625e+03  -1.7102814e-01
   3.4162578e+03  -1.6792297e-01
   3.4164531e+03  -1.7550659e-01
   3.4166484e+03  -1.7660522e-01
   3.4168438e+03  -1.8253326e-01
   3.4170391e+03  -1.7582703e-01
   3.4172344e+03  -1.7853546e-01
   3.4174297e+03  -1.7307281e-01
   3.4176250e+03  -1.6403961e-01
   3.4178203e+03  -1.8540955e-01
   3.4180156e+03  -1.7533112e-01
   3.4182109e+03  -1.7593384e-01
   3.4184063e+03  -1.6137695e-01
   3.4186016e+03  -1.7398834e-01
   3.4187969e+03  -1.7790222e-01
   3.4189922e+03  -1.7343140e-01
   3.4191875e+03  -1.6583252e-01
   3.4193828e+03  -1.7055511e-01
   3.4195781e+03  -1.7044830e-01
   3.4197734e+03  -1.7966461e-01
   3.4199688e+03  -1.7466736e-01
   3.4201641e+03  -1.7711639e-01
   3.4203594e+03  -1.8534088e-01
   3.4205547e+03  -1.6706848e-01
   3.4207500e+03  -1.5625000e-01
   3.4209453e+03  -1.7855072e-01
   3.4211406e+03  -1.7724609e-01
   3.4213359e+03  -1.6046906e-01
   3.4215313e+03  -1.7655945e-01
   3.4217266e+03  -1.7018127e-01
   3.4219219e+03  -1.7723083e-01
   3.4221172e+03  -1.7226410e-01
   3.4223125e+03  -1.5726471e-01
   3.4225078e+03  -1.7260742e-01
   3.4227031e+03  -1.7299652e-01
   3.4228984e+03  -1.6832733e-01
   3.4230938e+03  -1.9883728e-01
   3.4232891e+03  -1.7491913e-01
   3.4234844e+03  -1.7480469e-01
   3.4236797e+03  -1.8204498e-01
   3.4238750e+03  -1.8457031e-01
   3.4240703e+03  -1.8656158e-01
   3.4242656e+03  -1.7636871e-01
   3.4244609e+03  -1.6104889e-01
   3.4246563e+03  -1.7627716e-01
   3.4248516e+03  -1.7795563e-01
   3.4250469e+03  -1.6327667e-01
   3.4252422e+03  -1.7239380e-01
   3.4254375e+03  -1.7684174e-01
   3.4256328e+03  -1.6382599e-01
   3.4258281e+03  -1.7040253e-01
   3.4260234e+03  -1.8291473e-01
   3.4262188e+03  -1.7014313e-01
   3.4264141e+03  -1.7460632e-01
   3.4266094e+03  -1.6998291e-01
   3.4268047e+03  -1.6350555e-01
