   3.2270000e+03  -1.5932846e-01
   3.2271955e+03  -1.6789818e-01
   3.2273910e+03  -1.4977646e-01
   3.2275865e+03  -1.5347862e-01
   3.2277820e+03  -1.5080833e-01
   3.2279775e+03  -1.6086578e-01
   3.2281730e+03  -1.5877533e-01
   3.2283685e+03  -1.5514374e-01
   3.2285640e+03  -1.5956688e-01
   3.2287595e+03  -1.5708542e-01
   3.2289550e+03  -1.6049385e-01
   3.2291505e+03  -1.5334511e-01
   3.2293460e+03  -1.5292549e-01
   3.2295415e+03  -1.6193581e-01
   3.2297370e+03  -1.5239334e-01
   3.2299326e+03  -1.5858269e-01
   3.2301281e+03  -1.5331841e-01
   3.2303236e+03  -1.6087151e-01
   3.2305191e+03  -1.5715599e-01
   3.2307146e+03  -1.6012955e-01
   3.2309101e+03  -1.5666771e-01
   3.2311056e+03  -1.6026878e-01
   3.2313011e+03  -1.6092300e-01
   3.2314966e+03  -1.7078018e-01
   3.2316921e+03  -1.6072464e-01
   3.2318876e+03  -1.6586494e-01
   3.2320831e+03  -1.6358757e-01
   3.2322786e+03  -1.5301514e-01
   3.2324741e+03  -1.5346909e-01
   3.2326696e+03  -1.5808868e-01
   3.2328651e+03  -1.4981842e-01
   3.2330606e+03  -1.6306114e-01
   3.2332561e+03  -1.5542030e-01
   3.2334516e+03  -1.6181183e-01
   3.2336471e+03  -1.6523743e-01
   3.2338426e+03  -1.5712166e-01
   3.2340381e+03  -1.7316246e-01
   3.2342336e+03  -1.5831947e-01
   3.2344291e+03  -1.5532494e-01
   3.2346246e+03  -1.6763115e-01
   3.2348201e+03  -1.5922546e-01
   3.2350156e+03  -1.6558075e-01
   3.2352111e+03  -1.5901184e-01
   3.2354066e+03  -1.5725517e-01
   3.2356022e+03  -1.4801598e-01
   3.2357977e+03  -1.6073418e-01
   3.2359932e+03  -1.6207123e-01
   3.2361887e+03  -1.6361809e-01
   3.2363842e+03  -1.6743660e-01
   3.2365797e+03  -1.6267014e-01
   3.2367752e+03  -1.6500854e-01
   3.2369707e+03  -1.6683960e-01
   3.2371662e+03  -1.5897179e-01
   3.2373617e+03  -1.6890144e-01
   3.2375572e+03  -1.6272163e-01
   3.2377527e+03  -1.5717316e-01
   3.2379482e+03  -1.5859222e-01
   3.2381437e+03  -1.6004372e-01
   3.2383392e+03  -1.6364288e-01
   3.2385347e+03  -1.6316986e-01
   3.2387302e+03  -1.5997314e-01
   3.2389257e+03  -1.6531944e-01
   3.2391212e+03  -1.6192627e-01
   3.2393167e+03  -1.6139603e-01
   3.2395122e+03  -1.6823578e-01
   3.2397077e+03  -1.6119957e-01
   3.2399032e+03  -1.5621185e-01
   3.2400987e+03  -1.6859627e-01
   3.2402942e+03  -1.5956688e-01
   3.2404897e+03  -1.6458893e-01
   3.2406852e+03  -1.6568756e-01
   3.2408807e+03  -1.5642548e-01
   3.2410762e+03  -1.5245438e-01
   3.2412717e+03  -1.6637421e-01
   3.2414673e+03  -1.6296959e-01
   3.2416628e+03  -1.6600227e-01
   3.2418583e+03  -1.6088867e-01
   3.2420538e+03  -1.6867638e-01
   3.2422493e+03  -1.6243935e-01
   3.2424448e+03  -1.6569519e-01
   3.2426403e+03  -1.6937256e-01
   3.2428358e+03  -1.6521454e-01
   3.2430313e+03  -1.5813255e-01
   3.2432268e+03  -1.6894150e-01
   3.2434223e+03  -1.5704918e-01
   3.2436178e+03  -1.5709114e-01
   3.2438133e+03  -1.6260338e-01
   3.2440088e+03  -1.5857506e-01
   3.2442043e+03  -1.6393471e-01
   3.2443998e+03  -1.6057777e-01
   3.2445953e+03  -1.6090012e-01
   3.2447908e+03  -1.5635872e-01
   3.2449863e+03  -1.6234970e-01
   3.2451818e+03  -1.5173340e-01
   3.2453773e+03  -1.5642166e-01
   3.2455728e+03  -1.6212654e-01
   3.2457683e+03  -1.5808868e-01
   3.2459638e+03  -1.6492462e-01
   3.2461593e+03  -1.5371323e-01
   3.2463548e+03  -1.5816307e-01
   3.2465503e+03  -1.7173576e-01
   3.2467458e+03  -1.6733360e-01
   3.2469413e+03  -1.5433693e-01
   3.2471369e+03  -1.6765785e-01
   3.2473324e+03  -1.5771484e-01
   3.2475279e+03  -1.6157913e-01
   3.2477234e+03  -1.5786743e-01
   3.2479189e+03  -1.6329384e-01
   3.2481144e+03  -1.5621758e-01
   3.2483099e+03  -1.6094017e-01
   3.2485054e+03  -1.5704155e-01
   3.2487009e+03  -1.6334534e-01
   3.2488964e+03  -1.6474152e-01
   3.2490919e+03  -1.5850067e-01
   3.2492874e+03  -1.5826416e-01
   3.2494829e+03  -1.6019249e-01
   3.2496784e+03  -1.6092873e-01
   3.2498739e+03  -1.5328979e-01
   3.2500694e+03  -1.6460800e-01
   3.2502649e+03  -1.6446877e-01
   3.2504604e+03  -1.5726089e-01
   3.2506559e+03  -1.6511536e-01
   3.2508514e+03  -1.5879440e-01
   3.2510469e+03  -1.6175270e-01
   3.2512424e+03  -1.6204071e-01
   3.2514379e+03  -1.7206764e-01
   3.2516334e+03  -1.7045403e-01
   3.2518289e+03  -1.6165733e-01
   3.2520244e+03  -1.6555595e-01
   3.2522199e+03  -1.6231346e-01
   3.2524154e+03  -1.6554451e-01
   3.2526109e+03  -1.6162682e-01
   3.2528065e+03  -1.4972687e-01
   3.2530020e+03  -1.6265297e-01
   3.2531975e+03  -1.6373062e-01
   3.2533930e+03  -1.5925217e-01
   3.2535885e+03  -1.6562271e-01
   3.2537840e+03  -1.6529846e-01
   3.2539795e+03  -1.6615868e-01
   3.2541750e+03  -1.7216682e-01
   3.2543705e+03  -1.6422653e-01
   3.2545660e+03  -1.6656876e-01
   3.2547615e+03  -1.6415596e-01
   3.2549570e+03  -1.6149712e-01
   3.2551525e+03  -1.6520691e-01
   3.2553480e+03  -1.6492271e-01
   3.2555435e+03  -1.6291046e-01
   3.2557390e+03  -1.6404152e-01
   3.2559345e+03  -1.5918732e-01
   3.2561300e+03  -1.6096687e-01
   3.2563255e+03  -1.5806389e-01
   3.2565210e+03  -1.6197205e-01
   3.2567165e+03  -1.5619659e-01
   3.2569120e+03  -1.6572189e-01
   3.2571075e+03  -1.6556358e-01
   3.2573030e+03  -1.6212463e-01
   3.2574985e+03  -1.7039871e-01
   3.2576940e+03  -1.6183662e-01
   3.2578895e+03  -1.6572571e-01
   3.2580850e+03  -1.6913605e-01
   3.2582805e+03  -1.6448975e-01
   3.2584761e+03  -1.6650963e-01
   3.2586716e+03  -1.6788864e-01
   3.2588671e+03  -1.6255951e-01
   3.2590626e+03  -1.6861725e-01
   3.2592581e+03  -1.5739059e-01
   3.2594536e+03  -1.6023445e-01
   3.2596491e+03  -1.5732574e-01
   3.2598446e+03  -1.6215515e-01
   3.2600401e+03  -1.6722488e-01
   3.2602356e+03  -1.6145515e-01
   3.2604311e+03  -1.6319656e-01
   3.2606266e+03  -1.6631889e-01
   3.2608221e+03  -1.6518211e-01
   3.2610176e+03  -1.5317345e-01
   3.2612131e+03  -1.6256142e-01
   3.2614086e+03  -1.6028595e-01
   3.2616041e+03  -1.6717148e-01
   3.2617996e+03  -1.6987991e-01
   3.2619951e+03  -1.6178894e-01
   3.2621906e+03  -1.6284180e-01
   3.2623861e+03  -1.6186714e-01
   3.2625816e+03  -1.5846634e-01
   3.2627771e+03  -1.6306686e-01
   3.2629726e+03  -1.6122818e-01
   3.2631681e+03  -1.4747047e-01
   3.2633636e+03  -1.5659523e-01
   3.2635591e+03  -1.6497231e-01
   3.2637546e+03  -1.6447258e-01
   3.2639501e+03  -1.5992737e-01
   3.2641457e+03  -1.5540504e-01
   3.2643412e+03  -1.6348267e-01
   3.2645367e+03  -1.5139580e-01
   3.2647322e+03  -1.6140747e-01
   3.2649277e+03  -1.5724564e-01
   3.2651232e+03  -1.5706635e-01
   3.2653187e+03  -1.5730095e-01
   3.2655142e+03  -1.6836166e-01
   3.2657097e+03  -1.6557884e-01
   3.2659052e+03  -1.5451241e-01
   3.2661007e+03  -1.5275383e-01
   3.2662962e+03  -1.6587067e-01
   3.2664917e+03  -1.6577911e-01
   3.2666872e+03  -1.6330338e-01
   3.2668827e+03  -1.5966225e-01
   3.2670782e+03  -1.6343689e-01
   3.2672737e+03  -1.6180229e-01
   3.2674692e+03  -1.6735077e-01
   3.2676647e+03  -1.5890312e-01
   3.2678602e+03  -1.5324211e-01
   3.2680557e+03  -1.5582848e-01
   3.2682512e+03  -1.6595078e-01
   3.2684467e+03  -1.5623093e-01
   3.2686422e+03  -1.6122627e-01
   3.2688377e+03  -1.6176033e-01
   3.2690332e+03  -1.5178108e-01
   3.2692287e+03  -1.6408539e-01
   3.2694242e+03  -1.5785599e-01
   3.2696197e+03  -1.4449310e-01
   3.2698152e+03  -1.5938568e-01
   3.2700108e+03  -1.5890884e-01
   3.2702063e+03  -1.6298103e-01
   3.2704018e+03  -1.5859985e-01
   3.2705973e+03  -1.6215134e-01
   3.2707928e+03  -1.6016769e-01
   3.2709883e+03  -1.5520477e-01
   3.2711838e+03  -1.5736198e-01
   3.2713793e+03  -1.6727448e-01
   3.2715748e+03  -1.5224075e-01
   3.2717703e+03  -1.6571808e-01
   3.2719658e+03  -1.6174126e-01
   3.2721613e+03  -1.5789223e-01
   3.2723568e+03  -1.5777779e-01
   3.2725523e+03  -1.5751648e-01
   3.2727478e+03  -1.6825485e-01
   3.2729433e+03  -1.6190147e-01
   3.2731388e+03  -1.5580559e-01
   3.2733343e+03  -1.5817451e-01
   3.2735298e+03  -1.5521049e-01
   3.2737253e+03  -1.5758705e-01
   3.2739208e+03  -1.5760231e-01
   3.2741163e+03  -1.6511536e-01
   3.2743118e+03  -1.5910721e-01
   3.2745073e+03  -1.6094398e-01
   3.2747028e+03  -1.6996384e-01
   3.2748983e+03  -1.6195869e-01
   3.2750938e+03  -1.5483284e-01
   3.2752893e+03  -1.5425301e-01
   3.2754848e+03  -1.5129662e-01
   3.2756804e+03  -1.5728188e-01
   3.2758759e+03  -1.5689468e-01
   3.2760714e+03  -1.6405106e-01
   3.2762669e+03  -1.5494347e-01
   3.2764624e+03  -1.5721512e-01
   3.2766579e+03  -1.5977097e-01
   3.2768534e+03  -1.5685463e-01
   3.2770489e+03  -1.5655899e-01
   3.2772444e+03  -1.4665031e-01
   3.2774399e+03  -1.5425682e-01
   3.2776354e+03  -1.5464401e-01
   3.2778309e+03  -1.5755653e-01
   3.2780264e+03  -1.5419388e-01
   3.2782219e+03  -1.5096092e-01
   3.2784174e+03  -1.6451263e-01
   3.2786129e+03  -1.6292000e-01
   3.2788084e+03  -1.5716171e-01
   3.2790039e+03  -1.5896988e-01
   3.2791994e+03  -1.5636063e-01
   3.2793949e+03  -1.4631271e-01
   3.2795904e+03  -1.4608383e-01
   3.2797859e+03  -1.6319084e-01
   3.2799814e+03  -1.4555168e-01
   3.2801769e+03  -1.4663887e-01
   3.2803724e+03  -1.5693283e-01
   3.2805679e+03  -1.4646149e-01
   3.2807634e+03  -1.5625191e-01
   3.2809589e+03  -1.4725685e-01
   3.2811544e+03  -1.4869118e-01
   3.2813500e+03  -1.5289116e-01
   3.2815455e+03  -1.4873505e-01
   3.2817410e+03  -1.4754677e-01
   3.2819365e+03  -1.5073776e-01
   3.2821320e+03  -1.5185165e-01
   3.2823275e+03  -1.4163971e-01
   3.2825230e+03  -1.3611221e-01
   3.2827185e+03  -1.3977814e-01
   3.2829140e+03  -1.4380455e-01
   3.2831095e+03  -1.4433098e-01
   3.2833050e+03  -1.4527130e-01
   3.2835005e+03  -1.4223480e-01
   3.2836960e+03  -1.4617348e-01
   3.2838915e+03  -1.4563370e-01
   3.2840870e+03  -1.4232445e-01
   3.2842825e+03  -1.3540840e-01
   3.2844780e+03  -1.4025307e-01
   3.2846735e+03  -1.3323975e-01
   3.2848690e+03  -1.3759613e-01
   3.2850645e+03  -1.3965034e-01
   3.2852600e+03  -1.3611603e-01
   3.2854555e+03  -1.3412285e-01
   3.2856510e+03  -1.2453651e-01
   3.2858465e+03  -1.2616730e-01
   3.2860420e+03  -1.2697411e-01
   3.2862375e+03  -1.2949753e-01
   3.2864330e+03  -1.2517929e-01
   3.2866285e+03  -1.1940002e-01
   3.2868240e+03  -1.2351608e-01
   3.2870196e+03  -1.1433792e-01
   3.2872151e+03  -1.1359978e-01
   3.2874106e+03  -1.1483765e-01
   3.2876061e+03  -1.1618423e-01
   3.2878016e+03  -1.1204720e-01
   3.2879971e+03  -1.0737419e-01
   3.2881926e+03  -1.0457611e-01
   3.2883881e+03  -1.0338020e-01
   3.2885836e+03  -1.0307312e-01
   3.2887791e+03  -8.7911606e-02
   3.2889746e+03  -8.8968277e-02
   3.2891701e+03  -8.9569092e-02
   3.2893656e+03  -9.1892242e-02
   3.2895611e+03  -8.6198807e-02
   3.2897566e+03  -8.3450317e-02
   3.2899521e+03  -7.4800491e-02
   3.2901476e+03  -7.7684402e-02
   3.2903431e+03  -6.4046860e-02
   3.2905386e+03  -7.5109482e-02
   3.2907341e+03  -6.6164017e-02
   3.2909296e+03  -5.8191299e-02
   3.2911251e+03  -5.7191849e-02
   3.2913206e+03  -5.5448532e-02
   3.2915161e+03  -5.0312042e-02
   3.2917116e+03  -5.3737640e-02
   3.2919071e+03  -4.2245865e-02
   3.2921026e+03  -3.9051056e-02
   3.2922981e+03  -4.7439575e-02
   3.2924936e+03  -3.9245605e-02
   3.2926891e+03  -3.2817841e-02
   3.2928847e+03  -3.6132812e-02
   3.2930802e+03  -2.7307510e-02
   3.2932757e+03  -2.5857925e-02
   3.2934712e+03  -2.4591446e-02
   3.2936667e+03  -2.1532059e-02
   3.2938622e+03  -1.9573212e-02
   3.2940577e+03  -1.2933731e-02
   3.2942532e+03  -5.9204102e-03
   3.2944487e+03  -1.4766693e-02
   3.2946442e+03  -1.1642456e-02
   3.2948397e+03  -1.1438370e-02
   3.2950352e+03  -1.0080338e-02
   3.2952307e+03  -1.1487961e-02
   3.2954262e+03  -1.1264801e-02
   3.2956217e+03   2.5768280e-03
   3.2958172e+03  -6.5727234e-03
   3.2960127e+03   5.6781769e-03
   3.2962082e+03   5.3291321e-03
   3.2964037e+03   1.5800476e-02
   3.2965992e+03   1.5636444e-02
   3.2967947e+03   1.6647339e-02
   3.2969902e+03   1.8886566e-02
   3.2971857e+03   2.9542923e-02
   3.2973812e+03   2.5478363e-02
   3.2975767e+03   3.8726807e-02
   3.2977722e+03   5.0186157e-02
   3.2979677e+03   5.1145554e-02
   3.2981632e+03   5.8099747e-02
   3.2983587e+03   6.6156387e-02
   3.2985543e+03   8.0966949e-02
   3.2987498e+03   7.7373505e-02
   3.2989453e+03   9.3830109e-02
   3.2991408e+03   1.1129379e-01
   3.2993363e+03   1.1869431e-01
   3.2995318e+03   1.3208580e-01
   3.2997273e+03   1.4012527e-01
   3.2999228e+03   1.6389656e-01
   3.3001183e+03   1.7970276e-01
   3.3003138e+03   2.0101929e-01
   3.3005093e+03   2.2206306e-01
   3.3007048e+03   2.5424385e-01
   3.3009003e+03   2.9287338e-01
   3.3010958e+03   3.2150269e-01
   3.3012913e+03   3.6048698e-01
   3.3014868e+03   4.0032005e-01
   3.3016823e+03   4.3575096e-01
   3.3018778e+03   5.1067352e-01
   3.3020733e+03   5.5961418e-01
   3.3022688e+03   6.3089180e-01
   3.3024643e+03   7.0112038e-01
   3.3026598e+03   7.6763344e-01
   3.3028553e+03   8.1475258e-01
   3.3030508e+03   8.4600830e-01
   3.3032463e+03   8.1161308e-01
   3.3034418e+03   7.0179176e-01
   3.3036373e+03   5.1002312e-01
   3.3038328e+03   2.4397659e-01
   3.3040283e+03  -4.5591354e-02
   3.3042239e+03  -3.6573029e-01
   3.3044194e+03  -6.4079666e-01
   3.3046149e+03  -8.3840370e-01
   3.3048104e+03  -9.7183228e-01
   3.3050059e+03  -1.0437717e+00
   3.3052014e+03  -1.0600815e+00
   3.3053969e+03  -1.0275307e+00
   3.3055924e+03  -9.8611832e-01
   3.3057879e+03  -9.3864441e-01
   3.3059834e+03  -8.9296722e-01
   3.3061789e+03  -8.3542824e-01
   3.3063744e+03  -7.7578545e-01
   3.3065699e+03  -7.3040962e-01
   3.3067654e+03  -6.9136047e-01
   3.3069609e+03  -6.5946388e-01
   3.3071564e+03  -6.2757492e-01
   3.3073519e+03  -5.9902954e-01
   3.3075474e+03  -5.7553482e-01
   3.3077429e+03  -5.3973770e-01
   3.3079384e+03  -5.2949142e-01
   3.3081339e+03  -5.1761436e-01
   3.3083294e+03  -4.8973083e-01
   3.3085249e+03  -4.7726631e-01
   3.3087204e+03  -4.7136688e-01
   3.3089159e+03  -4.6470642e-01
   3.3091114e+03  -4.4832039e-01
   3.3093069e+03  -4.4956970e-01
   3.3095024e+03  -4.1977501e-01
   3.3096979e+03  -4.1247177e-01
   3.3098935e+03  -3.9482498e-01
   3.3100890e+03  -3.8152695e-01
   3.3102845e+03  -3.6289978e-01
   3.3104800e+03  -3.3909988e-01
   3.3106755e+03  -3.2399940e-01
   3.3108710e+03  -2.9399300e-01
   3.3110665e+03  -2.8869247e-01
   3.3112620e+03  -2.5573921e-01
   3.3114575e+03  -2.2570801e-01
   3.3116530e+03  -2.1839333e-01
   3.3118485e+03  -1.8252754e-01
   3.3120440e+03  -1.6041374e-01
   3.3122395e+03  -1.3810539e-01
   3.3124350e+03  -1.1963081e-01
   3.3126305e+03  -8.8979721e-02
   3.3128260e+03  -6.9000244e-02
   3.3130215e+03  -3.8988113e-02
   3.3132170e+03  -1.0450363e-02
   3.3134125e+03   2.0742416e-02
   3.3136080e+03   4.5026779e-02
   3.3138035e+03   7.1557999e-02
   3.3139990e+03   1.0178757e-01
   3.3141945e+03   1.2587929e-01
   3.3143900e+03   1.5939903e-01
   3.3145855e+03   2.0321274e-01
   3.3147810e+03   2.1862793e-01
   3.3149765e+03   2.5092316e-01
   3.3151720e+03   2.8316689e-01
   3.3153675e+03   3.1664085e-01
   3.3155630e+03   3.4900284e-01
   3.3157586e+03   3.8606644e-01
   3.3159541e+03   4.3566704e-01
   3.3161496e+03   4.7231483e-01
   3.3163451e+03   5.2590752e-01
   3.3165406e+03   5.6458092e-01
   3.3167361e+03   6.1860275e-01
   3.3169316e+03   6.7994690e-01
   3.3171271e+03   7.2572708e-01
   3.3173226e+03   7.9769135e-01
   3.3175181e+03   8.6995697e-01
   3.3177136e+03   9.4411850e-01
   3.3179091e+03   1.0162716e+00
   3.3181046e+03   1.1015244e+00
   3.3183001e+03   1.1891575e+00
   3.3184956e+03   1.2645760e+00
   3.3186911e+03   1.3179531e+00
   3.3188866e+03   1.3346310e+00
   3.3190821e+03   1.2796116e+00
   3.3192776e+03   1.1328182e+00
   3.3194731e+03   8.6634827e-01
   3.3196686e+03   5.0175476e-01
   3.3198641e+03   6.9280624e-02
   3.3200596e+03  -4.0456581e-01
   3.3202551e+03  -8.3425903e-01
   3.3204506e+03  -1.1926842e+00
   3.3206461e+03  -1.4295101e+00
   3.3208416e+03  -1.5630970e+00
   3.3210371e+03  -1.6152611e+00
   3.3212326e+03  -1.5861988e+00
   3.3214282e+03  -1.5079651e+00
   3.3216237e+03  -1.4186687e+00
   3.3218192e+03  -1.3335152e+00
   3.3220147e+03  -1.2436142e+00
   3.3222102e+03  -1.1541348e+00
   3.3224057e+03  -1.0756817e+00
   3.3226012e+03  -1.0057201e+00
   3.3227967e+03  -9.3236732e-01
   3.3229922e+03  -8.7482071e-01
   3.3231877e+03  -8.2569313e-01
   3.3233832e+03  -7.7235031e-01
   3.3235787e+03  -7.3217773e-01
   3.3237742e+03  -6.8776703e-01
   3.3239697e+03  -6.4218521e-01
   3.3241652e+03  -6.0290527e-01
   3.3243607e+03  -5.6168938e-01
   3.3245562e+03  -5.3425217e-01
   3.3247517e+03  -4.9708176e-01
   3.3249472e+03  -4.7317505e-01
   3.3251427e+03  -4.3648148e-01
   3.3253382e+03  -4.2153549e-01
   3.3255337e+03  -3.9658737e-01
   3.3257292e+03  -3.7522697e-01
   3.3259247e+03  -3.4730530e-01
   3.3261202e+03  -3.1520271e-01
   3.3263157e+03  -2.9228401e-01
   3.3265112e+03  -2.7453423e-01
   3.3267067e+03  -2.4687386e-01
   3.3269022e+03  -2.3374557e-01
   3.3270978e+03  -2.2398758e-01
   3.3272933e+03  -2.0088768e-01
   3.3274888e+03  -1.8410683e-01
   3.3276843e+03  -1.7973328e-01
   3.3278798e+03  -1.6431808e-01
   3.3280753e+03  -1.5125084e-01
   3.3282708e+03  -1.5181923e-01
   3.3284663e+03  -1.3625145e-01
   3.3286618e+03  -1.2870789e-01
   3.3288573e+03  -1.2614059e-01
   3.3290528e+03  -1.2226295e-01
   3.3292483e+03  -1.1425400e-01
   3.3294438e+03  -1.1299133e-01
   3.3296393e+03  -1.1090088e-01
   3.3298348e+03  -9.6155167e-02
   3.3300303e+03  -9.6601486e-02
   3.3302258e+03  -9.1798782e-02
   3.3304213e+03  -7.4245453e-02
   3.3306168e+03  -8.0015182e-02
   3.3308123e+03  -7.9526901e-02
   3.3310078e+03  -7.0013046e-02
   3.3312033e+03  -7.2319031e-02
   3.3313988e+03  -6.0771942e-02
   3.3315943e+03  -5.8071136e-02
   3.3317898e+03  -4.6644211e-02
   3.3319853e+03  -3.4378052e-02
   3.3321808e+03  -2.9535294e-02
   3.3323763e+03  -1.5487671e-02
   3.3325718e+03   3.3359528e-03
   3.3327674e+03   9.2868805e-03
   3.3329629e+03   8.0604553e-03
   3.3331584e+03   8.3923340e-03
   3.3333539e+03   2.4961472e-02
   3.3335494e+03   2.5316238e-02
   3.3337449e+03   2.1335602e-02
   3.3339404e+03   1.6799927e-02
   3.3341359e+03   3.7557602e-02
   3.3343314e+03   3.0654907e-02
   3.3345269e+03   3.2817841e-02
   3.3347224e+03   5.2938461e-02
   3.3349179e+03   6.0947418e-02
   3.3351134e+03   7.5450897e-02
   3.3353089e+03   6.3730240e-02
   3.3355044e+03   8.4552765e-03
   3.3356999e+03  -7.0613861e-02
   3.3358954e+03  -1.8020058e-01
   3.3360909e+03  -3.1155586e-01
   3.3362864e+03  -4.4026184e-01
   3.3364819e+03  -5.3815079e-01
   3.3366774e+03  -5.9834671e-01
   3.3368729e+03  -6.2833023e-01
   3.3370684e+03  -6.2168121e-01
   3.3372639e+03  -5.9617424e-01
   3.3374594e+03  -5.6684875e-01
   3.3376549e+03  -5.2640533e-01
   3.3378504e+03  -5.0682068e-01
   3.3380459e+03  -4.8186684e-01
   3.3382414e+03  -4.6518326e-01
   3.3384370e+03  -4.5435715e-01
   3.3386325e+03  -4.3491554e-01
   3.3388280e+03  -4.2862129e-01
   3.3390235e+03  -4.2084885e-01
   3.3392190e+03  -4.0700150e-01
   3.3394145e+03  -3.9824677e-01
   3.3396100e+03  -3.8953972e-01
   3.3398055e+03  -3.7576866e-01
   3.3400010e+03  -3.7165451e-01
   3.3401965e+03  -3.5831261e-01
   3.3403920e+03  -3.4933472e-01
   3.3405875e+03  -3.4468460e-01
   3.3407830e+03  -3.2162666e-01
   3.3409785e+03  -3.2629967e-01
   3.3411740e+03  -3.2512283e-01
   3.3413695e+03  -3.1240654e-01
   3.3415650e+03  -3.0188560e-01
   3.3417605e+03  -2.9711914e-01
   3.3419560e+03  -2.9966164e-01
   3.3421515e+03  -2.8523636e-01
   3.3423470e+03  -2.8143501e-01
   3.3425425e+03  -2.8629303e-01
   3.3427380e+03  -2.7266502e-01
   3.3429335e+03  -2.7038956e-01
   3.3431290e+03  -2.7162361e-01
   3.3433245e+03  -2.6625824e-01
   3.3435200e+03  -2.5353813e-01
   3.3437155e+03  -2.5048447e-01
   3.3439110e+03  -2.4591255e-01
   3.3441065e+03  -2.4694061e-01
   3.3443021e+03  -2.4805069e-01
   3.3444976e+03  -2.4354172e-01
   3.3446931e+03  -2.4762154e-01
   3.3448886e+03  -2.3397255e-01
   3.3450841e+03  -2.4205589e-01
   3.3452796e+03  -2.3358536e-01
   3.3454751e+03  -2.2841072e-01
   3.3456706e+03  -2.2171783e-01
   3.3458661e+03  -2.2337151e-01
   3.3460616e+03  -2.2416306e-01
   3.3462571e+03  -2.2615623e-01
   3.3464526e+03  -2.2992897e-01
   3.3466481e+03  -2.3375320e-01
   3.3468436e+03  -2.2430611e-01
   3.3470391e+03  -2.2446060e-01
   3.3472346e+03  -2.2579193e-01
   3.3474301e+03  -2.2768402e-01
   3.3476256e+03  -2.1555519e-01
   3.3478211e+03  -2.2162819e-01
   3.3480166e+03  -2.1871185e-01
   3.3482121e+03  -2.2654343e-01
   3.3484076e+03  -2.2093582e-01
   3.3486031e+03  -2.2896576e-01
   3.3487986e+03  -2.2470093e-01
   3.3489941e+03  -2.2388268e-01
   3.3491896e+03  -2.2408485e-01
   3.3493851e+03  -2.1616554e-01
   3.3495806e+03  -2.3017693e-01
   3.3497761e+03  -2.1619415e-01
   3.3499717e+03  -2.2225952e-01
   3.3501672e+03  -2.2463608e-01
   3.3503627e+03  -2.2506714e-01
   3.3505582e+03  -2.1875381e-01
   3.3507537e+03  -2.2446823e-01
   3.3509492e+03  -2.2565842e-01
   3.3511447e+03  -2.2483444e-01
   3.3513402e+03  -2.2678185e-01
   3.3515357e+03  -2.2834587e-01
   3.3517312e+03  -2.3007393e-01
   3.3519267e+03  -2.3430634e-01
   3.3521222e+03  -2.2725677e-01
   3.3523177e+03  -2.2031784e-01
   3.3525132e+03  -2.2475433e-01
   3.3527087e+03  -2.3344803e-01
   3.3529042e+03  -2.1502495e-01
   3.3530997e+03  -2.4150848e-01
   3.3532952e+03  -2.2682762e-01
   3.3534907e+03  -2.2833633e-01
   3.3536862e+03  -2.1992874e-01
   3.3538817e+03  -2.3023415e-01
   3.3540772e+03  -2.3113823e-01
   3.3542727e+03  -2.2428322e-01
   3.3544682e+03  -2.1797371e-01
   3.3546637e+03  -2.1950150e-01
   3.3548592e+03  -2.2587204e-01
   3.3550547e+03  -2.2621346e-01
   3.3552502e+03  -2.2227287e-01
   3.3554457e+03  -2.3322105e-01
   3.3556413e+03  -2.2428131e-01
   3.3558368e+03  -2.2133636e-01
   3.3560323e+03  -2.1981239e-01
   3.3562278e+03  -2.2331047e-01
   3.3564233e+03  -2.1287537e-01
   3.3566188e+03  -2.2181702e-01
   3.3568143e+03  -2.1862793e-01
   3.3570098e+03  -2.1726608e-01
   3.3572053e+03  -2.0733833e-01
   3.3574008e+03  -2.1103668e-01
   3.3575963e+03  -2.1920395e-01
   3.3577918e+03  -2.1137428e-01
   3.3579873e+03  -2.0834732e-01
   3.3581828e+03  -2.0600128e-01
   3.3583783e+03  -2.1013260e-01
   3.3585738e+03  -2.1274757e-01
   3.3587693e+03  -2.1091843e-01
   3.3589648e+03  -2.0639610e-01
   3.3591603e+03  -2.0991898e-01
   3.3593558e+03  -2.0028114e-01
   3.3595513e+03  -2.0289993e-01
   3.3597468e+03  -1.9600487e-01
   3.3599423e+03  -2.0436096e-01
   3.3601378e+03  -1.9301987e-01
   3.3603333e+03  -2.0046234e-01
   3.3605288e+03  -1.9247055e-01
   3.3607243e+03  -2.0163536e-01
   3.3609198e+03  -1.9494247e-01
   3.3611153e+03  -1.9100761e-01
   3.3613109e+03  -1.8682289e-01
   3.3615064e+03  -1.9270325e-01
   3.3617019e+03  -1.8164253e-01
   3.3618974e+03  -1.9459915e-01
   3.3620929e+03  -1.8163872e-01
   3.3622884e+03  -1.8954277e-01
   3.3624839e+03  -1.8882942e-01
   3.3626794e+03  -1.8691063e-01
   3.3628749e+03  -1.8865013e-01
   3.3630704e+03  -1.9144821e-01
   3.3632659e+03  -1.8885803e-01
   3.3634614e+03  -1.8948555e-01
   3.3636569e+03  -1.8740654e-01
   3.3638524e+03  -1.8589783e-01
   3.3640479e+03  -1.7636681e-01
   3.3642434e+03  -1.8599129e-01
   3.3644389e+03  -1.8930244e-01
   3.3646344e+03  -1.8481064e-01
   3.3648299e+03  -1.9137383e-01
   3.3650254e+03  -1.7275429e-01
   3.3652209e+03  -1.6904259e-01
   3.3654164e+03  -1.7828369e-01
   3.3656119e+03  -1.7765999e-01
   3.3658074e+03  -1.7898941e-01
   3.3660029e+03  -1.8160439e-01
   3.3661984e+03  -1.7993736e-01
   3.3663939e+03  -1.8043137e-01
   3.3665894e+03  -1.7417336e-01
   3.3667849e+03  -1.8443108e-01
   3.3669804e+03  -1.7340469e-01
   3.3671760e+03  -1.7523766e-01
   3.3673715e+03  -1.7713165e-01
   3.3675670e+03  -1.7354774e-01
   3.3677625e+03  -1.7668152e-01
   3.3679580e+03  -1.7898750e-01
   3.3681535e+03  -1.7453957e-01
   3.3683490e+03  -1.7642593e-01
   3.3685445e+03  -1.8293953e-01
   3.3687400e+03  -1.6924095e-01
   3.3689355e+03  -1.7800522e-01
   3.3691310e+03  -1.7514610e-01
   3.3693265e+03  -1.7626381e-01
   3.3695220e+03  -1.7023277e-01
   3.3697175e+03  -1.7227554e-01
   3.3699130e+03  -1.7230415e-01
   3.3701085e+03  -1.7402649e-01
   3.3703040e+03  -1.7749405e-01
   3.3704995e+03  -1.6880608e-01
   3.3706950e+03  -1.6839218e-01
   3.3708905e+03  -1.6904640e-01
   3.3710860e+03  -1.7844582e-01
   3.3712815e+03  -1.6674995e-01
   3.3714770e+03  -1.7279053e-01
   3.3716725e+03  -1.7234230e-01
   3.3718680e+03  -1.6318321e-01
   3.3720635e+03  -1.7866516e-01
   3.3722590e+03  -1.7402649e-01
   3.3724545e+03  -1.6849136e-01
   3.3726500e+03  -1.7156792e-01
   3.3728456e+03  -1.7226028e-01
   3.3730411e+03  -1.7131996e-01
   3.3732366e+03  -1.7297363e-01
   3.3734321e+03  -1.7130470e-01
   3.3736276e+03  -1.6866302e-01
   3.3738231e+03  -1.7373276e-01
   3.3740186e+03  -1.7021179e-01
   3.3742141e+03  -1.6881752e-01
   3.3744096e+03  -1.6433716e-01
   3.3746051e+03  -1.7324448e-01
   3.3748006e+03  -1.6928482e-01
   3.3749961e+03  -1.7186546e-01
   3.3751916e+03  -1.7634964e-01
   3.3753871e+03  -1.6968155e-01
   3.3755826e+03  -1.5312386e-01
   3.3757781e+03  -1.7157555e-01
   3.3759736e+03  -1.6812134e-01
   3.3761691e+03  -1.6542053e-01
   3.3763646e+03  -1.6891098e-01
   3.3765601e+03  -1.6587639e-01
   3.3767556e+03  -1.6954994e-01
   3.3769511e+03  -1.7304420e-01
   3.3771466e+03  -1.7102623e-01
   3.3773421e+03  -1.6998100e-01
   3.3775376e+03  -1.7089272e-01
   3.3777331e+03  -1.6672897e-01
   3.3779286e+03  -1.6693115e-01
   3.3781241e+03  -1.6627502e-01
   3.3783196e+03  -1.7939758e-01
   3.3785152e+03  -1.7040253e-01
   3.3787107e+03  -1.6772270e-01
   3.3789062e+03  -1.6547966e-01
   3.3791017e+03  -1.7285347e-01
   3.3792972e+03  -1.6414642e-01
   3.3794927e+03  -1.6426849e-01
   3.3796882e+03  -1.5859604e-01
   3.3798837e+03  -1.7092514e-01
   3.3800792e+03  -1.6357231e-01
   3.3802747e+03  -1.6923904e-01
   3.3804702e+03  -1.7123795e-01
   3.3806657e+03  -1.6872597e-01
   3.3808612e+03  -1.6903496e-01
   3.3810567e+03  -1.6445160e-01
   3.3812522e+03  -1.6562080e-01
   3.3814477e+03  -1.6400719e-01
   3.3816432e+03  -1.6946983e-01
   3.3818387e+03  -1.7156219e-01
   3.3820342e+03  -1.6626167e-01
   3.3822297e+03  -1.6770935e-01
   3.3824252e+03  -1.5883064e-01
   3.3826207e+03  -1.7715073e-01
   3.3828162e+03  -1.6297340e-01
   3.3830117e+03  -1.6832542e-01
   3.3832072e+03  -1.7082405e-01
   3.3834027e+03  -1.6416740e-01
   3.3835982e+03  -1.6518784e-01
   3.3837937e+03  -1.6114044e-01
   3.3839892e+03  -1.6114616e-01
   3.3841848e+03  -1.7191696e-01
   3.3843803e+03  -1.6677284e-01
   3.3845758e+03  -1.5991974e-01
   3.3847713e+03  -1.5912247e-01
   3.3849668e+03  -1.6481972e-01
   3.3851623e+03  -1.6340828e-01
   3.3853578e+03  -1.6236305e-01
   3.3855533e+03  -1.7565155e-01
   3.3857488e+03  -1.6614723e-01
   3.3859443e+03  -1.7005539e-01
   3.3861398e+03  -1.6937256e-01
   3.3863353e+03  -1.6047859e-01
   3.3865308e+03  -1.6164017e-01
   3.3867263e+03  -1.6429520e-01
   3.3869218e+03  -1.6506004e-01
   3.3871173e+03  -1.6466904e-01
   3.3873128e+03  -1.6401863e-01
   3.3875083e+03  -1.6381454e-01
   3.3877038e+03  -1.6761780e-01
   3.3878993e+03  -1.6529846e-01
   3.3880948e+03  -1.6663742e-01
   3.3882903e+03  -1.6834068e-01
   3.3884858e+03  -1.5806007e-01
   3.3886813e+03  -1.5806007e-01
   3.3888768e+03  -1.6559029e-01
   3.3890723e+03  -1.5646553e-01
   3.3892678e+03  -1.6856384e-01
   3.3894633e+03  -1.7197990e-01
   3.3896588e+03  -1.5721893e-01
   3.3898543e+03  -1.6292191e-01
   3.3900499e+03  -1.6442680e-01
   3.3902454e+03  -1.6679573e-01
   3.3904409e+03  -1.6611671e-01
   3.3906364e+03  -1.6572571e-01
   3.3908319e+03  -1.6261292e-01
   3.3910274e+03  -1.6771126e-01
   3.3912229e+03  -1.6128731e-01
   3.3914184e+03  -1.6103363e-01
   3.3916139e+03  -1.6539383e-01
   3.3918094e+03  -1.6897011e-01
   3.3920049e+03  -1.5688896e-01
   3.3922004e+03  -1.6210747e-01
   3.3923959e+03  -1.7013359e-01
   3.3925914e+03  -1.6334915e-01
   3.3927869e+03  -1.7327499e-01
   3.3929824e+03  -1.6707993e-01
   3.3931779e+03  -1.6888428e-01
   3.3933734e+03  -1.6293526e-01
   3.3935689e+03  -1.7032433e-01
   3.3937644e+03  -1.6464233e-01
   3.3939599e+03  -1.6528893e-01
   3.3941554e+03  -1.6637039e-01
   3.3943509e+03  -1.6160774e-01
   3.3945464e+03  -1.6830826e-01
   3.3947419e+03  -1.7186356e-01
   3.3949374e+03  -1.6381073e-01
   3.3951329e+03  -1.6530991e-01
   3.3953284e+03  -1.6895676e-01
   3.3955239e+03  -1.5993309e-01
   3.3957195e+03  -1.6588974e-01
   3.3959150e+03  -1.6871071e-01
   3.3961105e+03  -1.6929817e-01
   3.3963060e+03  -1.6195679e-01
   3.3965015e+03  -1.6432953e-01
   3.3966970e+03  -1.6712761e-01
   3.3968925e+03  -1.6527367e-01
   3.3970880e+03  -1.6457558e-01
   3.3972835e+03  -1.6726112e-01
   3.3974790e+03  -1.6322327e-01
   3.3976745e+03  -1.6191101e-01
   3.3978700e+03  -1.7216873e-01
   3.3980655e+03  -1.5785027e-01
   3.3982610e+03  -1.6962624e-01
   3.3984565e+03  -1.6155052e-01
   3.3986520e+03  -1.6787148e-01
   3.3988475e+03  -1.6890144e-01
   3.3990430e+03  -1.5561104e-01
   3.3992385e+03  -1.5814781e-01
   3.3994340e+03  -1.6903305e-01
   3.3996295e+03  -1.6051483e-01
   3.3998250e+03  -1.6947556e-01
   3.4000205e+03  -1.6642380e-01
   3.4002160e+03  -1.6062355e-01
   3.4004115e+03  -1.6204262e-01
   3.4006070e+03  -1.5866661e-01
   3.4008025e+03  -1.6035652e-01
   3.4009980e+03  -1.6232681e-01
   3.4011935e+03  -1.6005898e-01
   3.4013891e+03  -1.6322708e-01
   3.4015846e+03  -1.6127586e-01
   3.4017801e+03  -1.6689110e-01
   3.4019756e+03  -1.5949440e-01
   3.4021711e+03  -1.6331100e-01
   3.4023666e+03  -1.5863037e-01
   3.4025621e+03  -1.7086029e-01
   3.4027576e+03  -1.6634560e-01
   3.4029531e+03  -1.6556168e-01
   3.4031486e+03  -1.7052460e-01
   3.4033441e+03  -1.6160774e-01
   3.4035396e+03  -1.6113091e-01
   3.4037351e+03  -1.6466522e-01
   3.4039306e+03  -1.6210365e-01
   3.4041261e+03  -1.7431068e-01
   3.4043216e+03  -1.5999031e-01
   3.4045171e+03  -1.6705704e-01
   3.4047126e+03  -1.6310883e-01
   3.4049081e+03  -1.5762329e-01
   3.4051036e+03  -1.6692924e-01
   3.4052991e+03  -1.7434692e-01
   3.4054946e+03  -1.6455650e-01
   3.4056901e+03  -1.5987396e-01
   3.4058856e+03  -1.5902519e-01
   3.4060811e+03  -1.7163658e-01
   3.4062766e+03  -1.6365242e-01
   3.4064721e+03  -1.6198540e-01
   3.4066676e+03  -1.6057587e-01
   3.4068631e+03  -1.6075706e-01
   3.4070587e+03  -1.6268349e-01
   3.4072542e+03  -1.6195488e-01
   3.4074497e+03  -1.6332817e-01
   3.4076452e+03  -1.6839218e-01
   3.4078407e+03  -1.6671181e-01
   3.4080362e+03  -1.6051102e-01
   3.4082317e+03  -1.6600227e-01
   3.4084272e+03  -1.5892601e-01
   3.4086227e+03  -1.8116379e-01
   3.4088182e+03  -1.6638565e-01
   3.4090137e+03  -1.6206360e-01
   3.4092092e+03  -1.6560936e-01
   3.4094047e+03  -1.6749763e-01
   3.4096002e+03  -1.5834045e-01
   3.4097957e+03  -1.6526031e-01
   3.4099912e+03  -1.6533089e-01
   3.4101867e+03  -1.5581322e-01
   3.4103822e+03  -1.6045761e-01
   3.4105777e+03  -1.6433334e-01
   3.4107732e+03  -1.6688919e-01
   3.4109687e+03  -1.6690254e-01
   3.4111642e+03  -1.6350746e-01
   3.4113597e+03  -1.5919876e-01
   3.4115552e+03  -1.5869904e-01
   3.4117507e+03  -1.7568588e-01
   3.4119462e+03  -1.6115189e-01
   3.4121417e+03  -1.6376877e-01
   3.4123372e+03  -1.7251396e-01
   3.4125327e+03  -1.6344452e-01
   3.4127283e+03  -1.6379356e-01
   3.4129238e+03  -1.5981674e-01
   3.4131193e+03  -1.6096306e-01
   3.4133148e+03  -1.6116333e-01
   3.4135103e+03  -1.6703796e-01
   3.4137058e+03  -1.5637016e-01
   3.4139013e+03  -1.6274261e-01
   3.4140968e+03  -1.6228485e-01
   3.4142923e+03  -1.5764618e-01
   3.4144878e+03  -1.6675377e-01
   3.4146833e+03  -1.6348076e-01
   3.4148788e+03  -1.6235924e-01
   3.4150743e+03  -1.6742516e-01
   3.4152698e+03  -1.6596413e-01
   3.4154653e+03  -1.6350746e-01
   3.4156608e+03  -1.6480827e-01
   3.4158563e+03  -1.6907692e-01
   3.4160518e+03  -1.6349792e-01
   3.4162473e+03  -1.6428757e-01
   3.4164428e+03  -1.5856743e-01
   3.4166383e+03  -1.5171051e-01
   3.4168338e+03  -1.5824699e-01
   3.4170293e+03  -1.6377258e-01
   3.4172248e+03  -1.6105270e-01
   3.4174203e+03  -1.5942574e-01
   3.4176158e+03  -1.6913605e-01
   3.4178113e+03  -1.7188072e-01
   3.4180068e+03  -1.6132545e-01
   3.4182023e+03  -1.6953087e-01
   3.4183978e+03  -1.6187859e-01
   3.4185934e+03  -1.6439819e-01
   3.4187889e+03  -1.6589165e-01
   3.4189844e+03  -1.5888596e-01
   3.4191799e+03  -1.5797997e-01
   3.4193754e+03  -1.5804100e-01
   3.4195709e+03  -1.6423798e-01
   3.4197664e+03  -1.6345024e-01
   3.4199619e+03  -1.6049004e-01
   3.4201574e+03  -1.6756439e-01
   3.4203529e+03  -1.6415405e-01
   3.4205484e+03  -1.6072845e-01
   3.4207439e+03  -1.5484238e-01
   3.4209394e+03  -1.6239548e-01
   3.4211349e+03  -1.5770531e-01
   3.4213304e+03  -1.6283417e-01
   3.4215259e+03  -1.6542435e-01
   3.4217214e+03  -1.6463852e-01
   3.4219169e+03  -1.6814613e-01
   3.4221124e+03  -1.6762924e-01
   3.4223079e+03  -1.6476250e-01
   3.4225034e+03  -1.5878677e-01
   3.4226989e+03  -1.6119576e-01
   3.4228944e+03  -1.6133690e-01
   3.4230899e+03  -1.6520119e-01
   3.4232854e+03  -1.6175270e-01
   3.4234809e+03  -1.5837479e-01
   3.4236764e+03  -1.6548347e-01
   3.4238719e+03  -1.6545105e-01
   3.4240674e+03  -1.6739082e-01
   3.4242630e+03  -1.7068481e-01
   3.4244585e+03  -1.6346550e-01
   3.4246540e+03  -1.6272926e-01
   3.4248495e+03  -1.6329956e-01
   3.4250450e+03  -1.7346001e-01
   3.4252405e+03  -1.6564369e-01
   3.4254360e+03  -1.6870880e-01
   3.4256315e+03  -1.5964317e-01
   3.4258270e+03  -1.6287994e-01
   3.4260225e+03  -1.6112900e-01
   3.4262180e+03  -1.6088486e-01
   3.4264135e+03  -1.5865517e-01
   3.4266090e+03  -1.5324211e-01
   3.4268045e+03  -1.5468025e-01
   3.4270000e+03  -1.6644859e-01
