   3.2270000e+03  -1.5133858e-01
   3.2271955e+03  -1.4766884e-01
   3.2273910e+03  -1.4082146e-01
   3.2275865e+03  -1.5050507e-01
   3.2277820e+03  -1.5098953e-01
   3.2279775e+03  -1.5146446e-01
   3.2281730e+03  -1.5252876e-01
   3.2283685e+03  -1.5285301e-01
   3.2285640e+03  -1.4666748e-01
   3.2287595e+03  -1.5086365e-01
   3.2289550e+03  -1.4828873e-01
   3.2291505e+03  -1.4975548e-01
   3.2293460e+03  -1.4851189e-01
   3.2295415e+03  -1.4843750e-01
   3.2297370e+03  -1.4169121e-01
   3.2299326e+03  -1.4629936e-01
   3.2301281e+03  -1.4351082e-01
   3.2303236e+03  -1.4731216e-01
   3.2305191e+03  -1.5169144e-01
   3.2307146e+03  -1.5589905e-01
   3.2309101e+03  -1.4877701e-01
   3.2311056e+03  -1.5593719e-01
   3.2313011e+03  -1.4693832e-01
   3.2314966e+03  -1.4387512e-01
   3.2316921e+03  -1.5339088e-01
   3.2318876e+03  -1.4177322e-01
   3.2320831e+03  -1.5210342e-01
   3.2322786e+03  -1.4516449e-01
   3.2324741e+03  -1.4749718e-01
   3.2326696e+03  -1.5119362e-01
   3.2328651e+03  -1.4369583e-01
   3.2330606e+03  -1.5176392e-01
   3.2332561e+03  -1.5026283e-01
   3.2334516e+03  -1.5151405e-01
   3.2336471e+03  -1.5445137e-01
   3.2338426e+03  -1.4207268e-01
   3.2340381e+03  -1.4778519e-01
   3.2342336e+03  -1.4929962e-01
   3.2344291e+03  -1.4707947e-01
   3.2346246e+03  -1.5547371e-01
   3.2348201e+03  -1.4850235e-01
   3.2350156e+03  -1.5686989e-01
   3.2352111e+03  -1.4645767e-01
   3.2354066e+03  -1.5150452e-01
   3.2356022e+03  -1.4732742e-01
   3.2357977e+03  -1.4514351e-01
   3.2359932e+03  -1.4646339e-01
   3.2361887e+03  -1.4733887e-01
   3.2363842e+03  -1.5203476e-01
   3.2365797e+03  -1.4422989e-01
   3.2367752e+03  -1.4851952e-01
   3.2369707e+03  -1.5470886e-01
   3.2371662e+03  -1.5047073e-01
   3.2373617e+03  -1.5067291e-01
   3.2375572e+03  -1.4993668e-01
   3.2377527e+03  -1.5377426e-01
   3.2379482e+03  -1.5431595e-01
   3.2381437e+03  -1.5147972e-01
   3.2383392e+03  -1.4854622e-01
   3.2385347e+03  -1.4646721e-01
   3.2387302e+03  -1.4389801e-01
   3.2389257e+03  -1.4783669e-01
   3.2391212e+03  -1.5342140e-01
   3.2393167e+03  -1.5002441e-01
   3.2395122e+03  -1.4544296e-01
   3.2397077e+03  -1.4635086e-01
   3.2399032e+03  -1.5281677e-01
   3.2400987e+03  -1.4161873e-01
   3.2402942e+03  -1.5050888e-01
   3.2404897e+03  -1.5211487e-01
   3.2406852e+03  -1.4245796e-01
   3.2408807e+03  -1.5429306e-01
   3.2410762e+03  -1.4959335e-01
   3.2412717e+03  -1.5662384e-01
   3.2414673e+03  -1.4588547e-01
   3.2416628e+03  -1.5741920e-01
   3.2418583e+03  -1.4820862e-01
   3.2420538e+03  -1.5356064e-01
   3.2422493e+03  -1.4730835e-01
   3.2424448e+03  -1.4278412e-01
   3.2426403e+03  -1.5223694e-01
   3.2428358e+03  -1.5096474e-01
   3.2430313e+03  -1.5646553e-01
   3.2432268e+03  -1.4760590e-01
   3.2434223e+03  -1.4900017e-01
   3.2436178e+03  -1.4325714e-01
   3.2438133e+03  -1.4790154e-01
   3.2440088e+03  -1.5070534e-01
   3.2442043e+03  -1.4815712e-01
   3.2443998e+03  -1.5010643e-01
   3.2445953e+03  -1.4710236e-01
   3.2447908e+03  -1.5190506e-01
   3.2449863e+03  -1.5145493e-01
   3.2451818e+03  -1.5056038e-01
   3.2453773e+03  -1.4474487e-01
   3.2455728e+03  -1.5144348e-01
   3.2457683e+03  -1.5491676e-01
   3.2459638e+03  -1.5074730e-01
   3.2461593e+03  -1.5497589e-01
   3.2463548e+03  -1.4653397e-01
   3.2465503e+03  -1.5587997e-01
   3.2467458e+03  -1.4759827e-01
   3.2469413e+03  -1.5193367e-01
   3.2471369e+03  -1.4277077e-01
   3.2473324e+03  -1.4364243e-01
   3.2475279e+03  -1.4698792e-01
   3.2477234e+03  -1.5805817e-01
   3.2479189e+03  -1.4756584e-01
   3.2481144e+03  -1.5194893e-01
   3.2483099e+03  -1.5291214e-01
   3.2485054e+03  -1.4427185e-01
   3.2487009e+03  -1.4993095e-01
   3.2488964e+03  -1.4766312e-01
   3.2490919e+03  -1.5273285e-01
   3.2492874e+03  -1.5229225e-01
   3.2494829e+03  -1.4861107e-01
   3.2496784e+03  -1.4823914e-01
   3.2498739e+03  -1.5077019e-01
   3.2500694e+03  -1.4526939e-01
   3.2502649e+03  -1.5065575e-01
   3.2504604e+03  -1.5408516e-01
   3.2506559e+03  -1.4616394e-01
   3.2508514e+03  -1.3976479e-01
   3.2510469e+03  -1.5289497e-01
   3.2512424e+03  -1.4788628e-01
   3.2514379e+03  -1.4416885e-01
   3.2516334e+03  -1.5407181e-01
   3.2518289e+03  -1.5096474e-01
   3.2520244e+03  -1.4916229e-01
   3.2522199e+03  -1.4652634e-01
   3.2524154e+03  -1.4921379e-01
   3.2526109e+03  -1.5637016e-01
   3.2528065e+03  -1.4673615e-01
   3.2530020e+03  -1.5947151e-01
   3.2531975e+03  -1.4602661e-01
   3.2533930e+03  -1.4502335e-01
   3.2535885e+03  -1.4630890e-01
   3.2537840e+03  -1.5566635e-01
   3.2539795e+03  -1.4558411e-01
   3.2541750e+03  -1.4383125e-01
   3.2543705e+03  -1.4426422e-01
   3.2545660e+03  -1.4843750e-01
   3.2547615e+03  -1.4818954e-01
   3.2549570e+03  -1.5672302e-01
   3.2551525e+03  -1.5080833e-01
   3.2553480e+03  -1.4918137e-01
   3.2555435e+03  -1.5070152e-01
   3.2557390e+03  -1.4789772e-01
   3.2559345e+03  -1.4586449e-01
   3.2561300e+03  -1.5171623e-01
   3.2563255e+03  -1.4362907e-01
   3.2565210e+03  -1.5335083e-01
   3.2567165e+03  -1.5031052e-01
   3.2569120e+03  -1.4905167e-01
   3.2571075e+03  -1.4519310e-01
   3.2573030e+03  -1.4407349e-01
   3.2574985e+03  -1.5074730e-01
   3.2576940e+03  -1.4847565e-01
   3.2578895e+03  -1.5386772e-01
   3.2580850e+03  -1.5535355e-01
   3.2582805e+03  -1.5039062e-01
   3.2584761e+03  -1.4484596e-01
   3.2586716e+03  -1.4458466e-01
   3.2588671e+03  -1.4587212e-01
   3.2590626e+03  -1.4298439e-01
   3.2592581e+03  -1.5797043e-01
   3.2594536e+03  -1.5521049e-01
   3.2596491e+03  -1.5242767e-01
   3.2598446e+03  -1.4505577e-01
   3.2600401e+03  -1.5232468e-01
   3.2602356e+03  -1.4712906e-01
   3.2604311e+03  -1.4645767e-01
   3.2606266e+03  -1.4920807e-01
   3.2608221e+03  -1.4686966e-01
   3.2610176e+03  -1.4660263e-01
   3.2612131e+03  -1.4792633e-01
   3.2614086e+03  -1.4870834e-01
   3.2616041e+03  -1.5107536e-01
   3.2617996e+03  -1.4735413e-01
   3.2619951e+03  -1.4303017e-01
   3.2621906e+03  -1.5426445e-01
   3.2623861e+03  -1.4310646e-01
   3.2625816e+03  -1.4376640e-01
   3.2627771e+03  -1.3928223e-01
   3.2629726e+03  -1.5154839e-01
   3.2631681e+03  -1.5881920e-01
   3.2633636e+03  -1.4919472e-01
   3.2635591e+03  -1.4676285e-01
   3.2637546e+03  -1.4144897e-01
   3.2639501e+03  -1.5304375e-01
   3.2641457e+03  -1.4490700e-01
   3.2643412e+03  -1.4563370e-01
   3.2645367e+03  -1.4688873e-01
   3.2647322e+03  -1.4482880e-01
   3.2649277e+03  -1.4646721e-01
   3.2651232e+03  -1.3764954e-01
   3.2653187e+03  -1.4937401e-01
   3.2655142e+03  -1.3866615e-01
   3.2657097e+03  -1.4805984e-01
   3.2659052e+03  -1.4065933e-01
   3.2661007e+03  -1.4583206e-01
   3.2662962e+03  -1.3793755e-01
   3.2664917e+03  -1.4489937e-01
   3.2666872e+03  -1.4185143e-01
   3.2668827e+03  -1.4382744e-01
   3.2670782e+03  -1.4326859e-01
   3.2672737e+03  -1.4573669e-01
   3.2674692e+03  -1.4340019e-01
   3.2676647e+03  -1.3649368e-01
   3.2678602e+03  -1.4555740e-01
   3.2680557e+03  -1.3890457e-01
   3.2682512e+03  -1.4577103e-01
   3.2684467e+03  -1.4847565e-01
   3.2686422e+03  -1.3432884e-01
   3.2688377e+03  -1.3780975e-01
   3.2690332e+03  -1.3934898e-01
   3.2692287e+03  -1.4584160e-01
   3.2694242e+03  -1.3583755e-01
   3.2696197e+03  -1.3601875e-01
   3.2698152e+03  -1.3997078e-01
   3.2700108e+03  -1.3737679e-01
   3.2702063e+03  -1.4392090e-01
   3.2704018e+03  -1.4587593e-01
   3.2705973e+03  -1.3709450e-01
   3.2707928e+03  -1.4257622e-01
   3.2709883e+03  -1.4172363e-01
   3.2711838e+03  -1.4402199e-01
   3.2713793e+03  -1.3048553e-01
   3.2715748e+03  -1.4172173e-01
   3.2717703e+03  -1.4060593e-01
   3.2719658e+03  -1.4078522e-01
   3.2721613e+03  -1.4019203e-01
   3.2723568e+03  -1.4156532e-01
   3.2725523e+03  -1.4035416e-01
   3.2727478e+03  -1.3759804e-01
   3.2729433e+03  -1.4140511e-01
   3.2731388e+03  -1.4566040e-01
   3.2733343e+03  -1.4007187e-01
   3.2735298e+03  -1.4036560e-01
   3.2737253e+03  -1.3962364e-01
   3.2739208e+03  -1.3668633e-01
   3.2741163e+03  -1.3310242e-01
   3.2743118e+03  -1.3004494e-01
   3.2745073e+03  -1.3600349e-01
   3.2747028e+03  -1.3077927e-01
   3.2748983e+03  -1.2997818e-01
   3.2750938e+03  -1.3457680e-01
   3.2752893e+03  -1.3575363e-01
   3.2754848e+03  -1.3581467e-01
   3.2756804e+03  -1.3865471e-01
   3.2758759e+03  -1.3378143e-01
   3.2760714e+03  -1.2963486e-01
   3.2762669e+03  -1.3599968e-01
   3.2764624e+03  -1.3868904e-01
   3.2766579e+03  -1.2849426e-01
   3.2768534e+03  -1.3288879e-01
   3.2770489e+03  -1.3694572e-01
   3.2772444e+03  -1.3714790e-01
   3.2774399e+03  -1.3210106e-01
   3.2776354e+03  -1.3827515e-01
   3.2778309e+03  -1.2868309e-01
   3.2780264e+03  -1.2664223e-01
   3.2782219e+03  -1.3566780e-01
   3.2784174e+03  -1.3192368e-01
   3.2786129e+03  -1.3384819e-01
   3.2788084e+03  -1.2675095e-01
   3.2790039e+03  -1.3764381e-01
   3.2791994e+03  -1.3155746e-01
   3.2793949e+03  -1.3430405e-01
   3.2795904e+03  -1.3697433e-01
   3.2797859e+03  -1.4031982e-01
   3.2799814e+03  -1.2805557e-01
   3.2801769e+03  -1.2791061e-01
   3.2803724e+03  -1.2612534e-01
   3.2805679e+03  -1.3469696e-01
   3.2807634e+03  -1.3381958e-01
   3.2809589e+03  -1.3041306e-01
   3.2811544e+03  -1.2764359e-01
   3.2813500e+03  -1.2740135e-01
   3.2815455e+03  -1.3632011e-01
   3.2817410e+03  -1.2669373e-01
   3.2819365e+03  -1.2735367e-01
   3.2821320e+03  -1.3690567e-01
   3.2823275e+03  -1.2060356e-01
   3.2825230e+03  -1.2290764e-01
   3.2827185e+03  -1.2200165e-01
   3.2829140e+03  -1.2009811e-01
   3.2831095e+03  -1.3434792e-01
   3.2833050e+03  -1.2464142e-01
   3.2835005e+03  -1.2323570e-01
   3.2836960e+03  -1.2707138e-01
   3.2838915e+03  -1.1955452e-01
   3.2840870e+03  -1.2650299e-01
   3.2842825e+03  -1.2307930e-01
   3.2844780e+03  -1.2262917e-01
   3.2846735e+03  -1.1536598e-01
   3.2848690e+03  -1.2242126e-01
   3.2850645e+03  -1.1746407e-01
   3.2852600e+03  -1.1295509e-01
   3.2854555e+03  -1.1540413e-01
   3.2856510e+03  -1.2605667e-01
   3.2858465e+03  -1.1533737e-01
   3.2860420e+03  -1.1124039e-01
   3.2862375e+03  -1.2621689e-01
   3.2864330e+03  -1.1591339e-01
   3.2866285e+03  -1.1526108e-01
   3.2868240e+03  -1.1409187e-01
   3.2870196e+03  -1.0876083e-01
   3.2872151e+03  -1.0719872e-01
   3.2874106e+03  -1.1414528e-01
   3.2876061e+03  -1.1116982e-01
   3.2878016e+03  -1.0631752e-01
   3.2879971e+03  -1.0755348e-01
   3.2881926e+03  -1.0513878e-01
   3.2883881e+03  -1.0370445e-01
   3.2885836e+03  -1.0430336e-01
   3.2887791e+03  -1.0147285e-01
   3.2889746e+03  -9.6302032e-02
   3.2891701e+03  -9.7639084e-02
   3.2893656e+03  -9.2903137e-02
   3.2895611e+03  -9.4064713e-02
   3.2897566e+03  -8.6908340e-02
   3.2899521e+03  -7.9418182e-02
   3.2901476e+03  -7.7550888e-02
   3.2903431e+03  -8.2904816e-02
   3.2905386e+03  -8.6584091e-02
   3.2907341e+03  -7.6852798e-02
   3.2909296e+03  -7.7514648e-02
   3.2911251e+03  -7.0571899e-02
   3.2913206e+03  -7.5792313e-02
   3.2915161e+03  -7.1767807e-02
   3.2917116e+03  -6.6724777e-02
   3.2919071e+03  -6.5277100e-02
   3.2921026e+03  -6.4985275e-02
   3.2922981e+03  -6.2885284e-02
   3.2924936e+03  -5.1324844e-02
   3.2926891e+03  -5.2616119e-02
   3.2928847e+03  -5.5578232e-02
   3.2930802e+03  -5.2288055e-02
   3.2932757e+03  -4.4208527e-02
   3.2934712e+03  -3.6760330e-02
   3.2936667e+03  -3.9100647e-02
   3.2938622e+03  -3.1648636e-02
   3.2940577e+03  -3.2627106e-02
   3.2942532e+03  -3.0481339e-02
   3.2944487e+03  -2.3735046e-02
   3.2946442e+03  -1.8518448e-02
   3.2948397e+03  -1.4793396e-02
   3.2950352e+03  -1.1548996e-02
   3.2952307e+03  -1.8444061e-03
   3.2954262e+03  -2.2315979e-04
   3.2956217e+03  -2.4986267e-04
   3.2958172e+03   5.7563782e-03
   3.2960127e+03   1.1762619e-02
   3.2962082e+03   1.7753601e-02
   3.2964037e+03   3.2386780e-02
   3.2965992e+03   2.8131485e-02
   3.2967947e+03   4.2322159e-02
   3.2969902e+03   5.1738739e-02
   3.2971857e+03   5.4679871e-02
   3.2973812e+03   6.8691254e-02
   3.2975767e+03   7.5731277e-02
   3.2977722e+03   8.6120605e-02
   3.2979677e+03   9.5762253e-02
   3.2981632e+03   1.0216522e-01
   3.2983587e+03   1.1244392e-01
   3.2985543e+03   1.2308502e-01
   3.2987498e+03   1.3940430e-01
   3.2989453e+03   1.4817429e-01
   3.2991408e+03   1.7214584e-01
   3.2993363e+03   1.8805122e-01
   3.2995318e+03   2.0548058e-01
   3.2997273e+03   2.1787453e-01
   3.2999228e+03   2.4227333e-01
   3.3001183e+03   2.6751518e-01
   3.3003138e+03   2.9585266e-01
   3.3005093e+03   3.2782364e-01
   3.3007048e+03   3.6380577e-01
   3.3009003e+03   4.0246010e-01
   3.3010958e+03   4.5141411e-01
   3.3012913e+03   4.9055672e-01
   3.3014868e+03   5.4032707e-01
   3.3016823e+03   5.9980392e-01
   3.3018778e+03   6.6610336e-01
   3.3020733e+03   7.3556137e-01
   3.3022688e+03   7.9658508e-01
   3.3024643e+03   8.5505867e-01
   3.3026598e+03   8.9051247e-01
   3.3028553e+03   8.7553978e-01
   3.3030508e+03   7.5490570e-01
   3.3032463e+03   5.8870506e-01
   3.3034418e+03   3.1643486e-01
   3.3036373e+03   1.1930466e-02
   3.3038328e+03  -3.0726624e-01
   3.3040283e+03  -6.0246468e-01
   3.3042239e+03  -8.2140541e-01
   3.3044194e+03  -9.7457886e-01
   3.3046149e+03  -1.0622044e+00
   3.3048104e+03  -1.0828133e+00
   3.3050059e+03  -1.0744514e+00
   3.3052014e+03  -1.0431595e+00
   3.3053969e+03  -9.9326706e-01
   3.3055924e+03  -9.4063377e-01
   3.3057879e+03  -8.8030624e-01
   3.3059834e+03  -8.3864021e-01
   3.3061789e+03  -7.9286766e-01
   3.3063744e+03  -7.5387192e-01
   3.3065699e+03  -7.0894241e-01
   3.3067654e+03  -6.8277931e-01
   3.3069609e+03  -6.4239883e-01
   3.3071564e+03  -6.0776711e-01
   3.3073519e+03  -5.8256149e-01
   3.3075474e+03  -5.5175591e-01
   3.3077429e+03  -5.2899361e-01
   3.3079384e+03  -5.0980568e-01
   3.3081339e+03  -5.0124359e-01
   3.3083294e+03  -4.7902870e-01
   3.3085249e+03  -4.7077370e-01
   3.3087204e+03  -4.5842171e-01
   3.3089159e+03  -4.3916130e-01
   3.3091114e+03  -4.2555428e-01
   3.3093069e+03  -4.0182114e-01
   3.3095024e+03  -3.8827133e-01
   3.3096979e+03  -3.6903954e-01
   3.3098935e+03  -3.4816170e-01
   3.3100890e+03  -3.2987022e-01
   3.3102845e+03  -3.0184937e-01
   3.3104800e+03  -2.8222275e-01
   3.3106755e+03  -2.6104164e-01
   3.3108710e+03  -2.3834419e-01
   3.3110665e+03  -2.2119141e-01
   3.3112620e+03  -1.9525337e-01
   3.3114575e+03  -1.8692017e-01
   3.3116530e+03  -1.5996361e-01
   3.3118485e+03  -1.3466072e-01
   3.3120440e+03  -1.1537933e-01
   3.3122395e+03  -9.3759537e-02
   3.3124350e+03  -7.0053101e-02
   3.3126305e+03  -5.0619125e-02
   3.3128260e+03  -2.9170990e-02
   3.3130215e+03   5.4225922e-03
   3.3132170e+03   3.2052994e-02
   3.3134125e+03   5.8679581e-02
   3.3136080e+03   7.6417923e-02
   3.3138035e+03   1.0497284e-01
   3.3139990e+03   1.3913727e-01
   3.3141945e+03   1.6118622e-01
   3.3143900e+03   1.9106293e-01
   3.3145855e+03   2.2845650e-01
   3.3147810e+03   2.5695038e-01
   3.3149765e+03   2.8618050e-01
   3.3151720e+03   3.1717873e-01
   3.3153675e+03   3.6289787e-01
   3.3155630e+03   4.0429306e-01
   3.3157586e+03   4.4708061e-01
   3.3159541e+03   4.9249268e-01
   3.3161496e+03   5.4283524e-01
   3.3163451e+03   5.9142303e-01
   3.3165406e+03   6.5304947e-01
   3.3167361e+03   7.1235085e-01
   3.3169316e+03   7.8136826e-01
   3.3171271e+03   8.4331512e-01
   3.3173226e+03   9.3403625e-01
   3.3175181e+03   1.0155525e+00
   3.3177136e+03   1.1011543e+00
   3.3179091e+03   1.1924381e+00
   3.3181046e+03   1.2634106e+00
   3.3183001e+03   1.3263721e+00
   3.3184956e+03   1.3480606e+00
   3.3186911e+03   1.3027515e+00
   3.3188866e+03   1.1772118e+00
   3.3190821e+03   9.2194748e-01
   3.3192776e+03   5.6749535e-01
   3.3194731e+03   1.3052559e-01
   3.3196686e+03  -3.4733582e-01
   3.3198641e+03  -7.9720688e-01
   3.3200596e+03  -1.1693726e+00
   3.3202551e+03  -1.4253731e+00
   3.3204506e+03  -1.5824165e+00
   3.3206461e+03  -1.6298428e+00
   3.3208416e+03  -1.6081352e+00
   3.3210371e+03  -1.5417919e+00
   3.3212326e+03  -1.4417095e+00
   3.3214282e+03  -1.3476639e+00
   3.3216237e+03  -1.2427731e+00
   3.3218192e+03  -1.1478558e+00
   3.3220147e+03  -1.0604153e+00
   3.3222102e+03  -9.9497795e-01
   3.3224057e+03  -9.2442513e-01
   3.3226012e+03  -8.5539246e-01
   3.3227967e+03  -7.9653931e-01
   3.3229922e+03  -7.4320793e-01
   3.3231877e+03  -6.8930435e-01
   3.3233832e+03  -6.5118980e-01
   3.3235787e+03  -6.0289001e-01
   3.3237742e+03  -5.6159401e-01
   3.3239697e+03  -5.3911018e-01
   3.3241652e+03  -4.8808479e-01
   3.3243607e+03  -4.5974350e-01
   3.3245562e+03  -4.3760872e-01
   3.3247517e+03  -4.1029739e-01
   3.3249472e+03  -3.7858963e-01
   3.3251427e+03  -3.5099030e-01
   3.3253382e+03  -3.2917213e-01
   3.3255337e+03  -3.0559158e-01
   3.3257292e+03  -2.8249550e-01
   3.3259247e+03  -2.5325394e-01
   3.3261202e+03  -2.3731041e-01
   3.3263157e+03  -2.1722031e-01
   3.3265112e+03  -2.0055389e-01
   3.3267067e+03  -1.8774223e-01
   3.3269022e+03  -1.6662025e-01
   3.3270978e+03  -1.5826416e-01
   3.3272933e+03  -1.4500046e-01
   3.3274888e+03  -1.2691498e-01
   3.3276843e+03  -1.1726761e-01
   3.3278798e+03  -1.0661507e-01
   3.3280753e+03  -9.6536636e-02
   3.3282708e+03  -8.9014053e-02
   3.3284663e+03  -9.5209122e-02
   3.3286618e+03  -7.7697754e-02
   3.3288573e+03  -7.3904037e-02
   3.3290528e+03  -6.1531067e-02
   3.3292483e+03  -5.4103851e-02
   3.3294438e+03  -5.4504395e-02
   3.3296393e+03  -4.7130585e-02
   3.3298348e+03  -3.9199829e-02
   3.3300303e+03  -3.9487839e-02
   3.3302258e+03  -3.0790329e-02
   3.3304213e+03  -2.3719788e-02
   3.3306168e+03  -2.5596619e-02
   3.3308123e+03  -1.6582489e-02
   3.3310078e+03  -1.7169952e-02
   3.3312033e+03  -5.7830811e-03
   3.3313988e+03   8.5449219e-04
   3.3315943e+03   9.5729828e-03
   3.3317898e+03   1.3051987e-02
   3.3319853e+03   2.7225494e-02
   3.3321808e+03   2.8198242e-02
   3.3323763e+03   4.1465759e-02
   3.3325718e+03   4.0689468e-02
   3.3327674e+03   4.7460556e-02
   3.3329629e+03   5.6581497e-02
   3.3331584e+03   5.2938461e-02
   3.3333539e+03   5.5547714e-02
   3.3335494e+03   4.7931671e-02
   3.3337449e+03   5.2371979e-02
   3.3339404e+03   5.5459976e-02
   3.3341359e+03   6.6036224e-02
   3.3343314e+03   7.6446533e-02
   3.3345269e+03   9.7360611e-02
   3.3347224e+03   1.0474014e-01
   3.3349179e+03   1.1534119e-01
   3.3351134e+03   6.3842773e-02
   3.3353089e+03  -2.1099091e-02
   3.3355044e+03  -1.4241791e-01
   3.3356999e+03  -2.7862549e-01
   3.3358954e+03  -4.2095757e-01
   3.3360909e+03  -5.3325272e-01
   3.3362864e+03  -5.9422112e-01
   3.3364819e+03  -6.1623573e-01
   3.3366774e+03  -6.2091446e-01
   3.3368729e+03  -5.9102631e-01
   3.3370684e+03  -5.5643654e-01
   3.3372639e+03  -5.2216530e-01
   3.3374594e+03  -4.8473549e-01
   3.3376549e+03  -4.6802139e-01
   3.3378504e+03  -4.5053673e-01
   3.3380459e+03  -4.3830872e-01
   3.3382414e+03  -4.2380714e-01
   3.3384370e+03  -4.1579247e-01
   3.3386325e+03  -4.0738678e-01
   3.3388280e+03  -4.0208054e-01
   3.3390235e+03  -3.8984108e-01
   3.3392190e+03  -3.7685204e-01
   3.3394145e+03  -3.7616348e-01
   3.3396100e+03  -3.6273575e-01
   3.3398055e+03  -3.4414482e-01
   3.3400010e+03  -3.4419441e-01
   3.3401965e+03  -3.2868004e-01
   3.3403920e+03  -3.2289314e-01
   3.3405875e+03  -3.2117653e-01
   3.3407830e+03  -3.1678009e-01
   3.3409785e+03  -2.9863167e-01
   3.3411740e+03  -2.9787445e-01
   3.3413695e+03  -2.9707718e-01
   3.3415650e+03  -2.8213882e-01
   3.3417605e+03  -2.8427505e-01
   3.3419560e+03  -2.8282356e-01
   3.3421515e+03  -2.6806068e-01
   3.3423470e+03  -2.6880455e-01
   3.3425425e+03  -2.6313782e-01
   3.3427380e+03  -2.7235603e-01
   3.3429335e+03  -2.6041603e-01
   3.3431290e+03  -2.5248718e-01
   3.3433245e+03  -2.5635529e-01
   3.3435200e+03  -2.5014496e-01
   3.3437155e+03  -2.4776077e-01
   3.3439110e+03  -2.3708344e-01
   3.3441065e+03  -2.3739052e-01
   3.3443021e+03  -2.4348068e-01
   3.3444976e+03  -2.3602867e-01
   3.3446931e+03  -2.3423958e-01
   3.3448886e+03  -2.3502541e-01
   3.3450841e+03  -2.3508263e-01
   3.3452796e+03  -2.2717285e-01
   3.3454751e+03  -2.3162460e-01
   3.3456706e+03  -2.3311615e-01
   3.3458661e+03  -2.2185326e-01
   3.3460616e+03  -2.2154236e-01
   3.3462571e+03  -2.2489357e-01
   3.3464526e+03  -2.2034073e-01
   3.3466481e+03  -2.2425270e-01
   3.3468436e+03  -2.1972275e-01
   3.3470391e+03  -2.2085571e-01
   3.3472346e+03  -2.2108459e-01
   3.3474301e+03  -2.1757698e-01
   3.3476256e+03  -2.1902657e-01
   3.3478211e+03  -2.1607971e-01
   3.3480166e+03  -2.1399689e-01
   3.3482121e+03  -2.1698761e-01
   3.3484076e+03  -2.1251297e-01
   3.3486031e+03  -2.1631432e-01
   3.3487986e+03  -2.1402550e-01
   3.3489941e+03  -2.2179222e-01
   3.3491896e+03  -2.2319031e-01
   3.3493851e+03  -2.2154045e-01
   3.3495806e+03  -2.1729851e-01
   3.3497761e+03  -2.2489548e-01
   3.3499717e+03  -2.1820450e-01
   3.3501672e+03  -2.2106934e-01
   3.3503627e+03  -2.1326828e-01
   3.3505582e+03  -2.1394348e-01
   3.3507537e+03  -2.0364952e-01
   3.3509492e+03  -2.1710396e-01
   3.3511447e+03  -2.1894073e-01
   3.3513402e+03  -2.1212769e-01
   3.3515357e+03  -2.0872307e-01
   3.3517312e+03  -2.1182632e-01
   3.3519267e+03  -2.2326279e-01
   3.3521222e+03  -2.1290779e-01
   3.3523177e+03  -2.1570206e-01
   3.3525132e+03  -2.1455383e-01
   3.3527087e+03  -2.1554947e-01
   3.3529042e+03  -2.1712875e-01
   3.3530997e+03  -2.0319939e-01
   3.3532952e+03  -2.0498657e-01
   3.3534907e+03  -2.0791054e-01
   3.3536862e+03  -2.1776390e-01
   3.3538817e+03  -2.1043396e-01
   3.3540772e+03  -2.0566177e-01
   3.3542727e+03  -2.0604897e-01
   3.3544682e+03  -2.0438766e-01
   3.3546637e+03  -2.0261002e-01
   3.3548592e+03  -2.0736694e-01
   3.3550547e+03  -2.0655060e-01
   3.3552502e+03  -2.0631409e-01
   3.3554457e+03  -2.0403290e-01
   3.3556413e+03  -2.0679665e-01
   3.3558368e+03  -2.0858765e-01
   3.3560323e+03  -2.1261024e-01
   3.3562278e+03  -2.0039177e-01
   3.3564233e+03  -2.0259285e-01
   3.3566188e+03  -1.9504929e-01
   3.3568143e+03  -1.9847107e-01
   3.3570098e+03  -1.9477654e-01
   3.3572053e+03  -1.9639206e-01
   3.3574008e+03  -2.0370865e-01
   3.3575963e+03  -1.9376564e-01
   3.3577918e+03  -1.9800758e-01
   3.3579873e+03  -1.8940735e-01
   3.3581828e+03  -1.8630791e-01
   3.3583783e+03  -1.9664192e-01
   3.3585738e+03  -1.9837952e-01
   3.3587693e+03  -1.8955231e-01
   3.3589648e+03  -1.8671417e-01
   3.3591603e+03  -1.8453026e-01
   3.3593558e+03  -1.8288803e-01
   3.3595513e+03  -1.8961716e-01
   3.3597468e+03  -1.8321228e-01
   3.3599423e+03  -1.9091034e-01
   3.3601378e+03  -1.9435501e-01
   3.3603333e+03  -1.9095230e-01
   3.3605288e+03  -1.8555641e-01
   3.3607243e+03  -1.7847061e-01
   3.3609198e+03  -1.8849754e-01
   3.3611153e+03  -1.8357468e-01
   3.3613109e+03  -1.8169785e-01
   3.3615064e+03  -1.8274498e-01
   3.3617019e+03  -1.8172073e-01
   3.3618974e+03  -1.8104362e-01
   3.3620929e+03  -1.7594528e-01
   3.3622884e+03  -1.8466759e-01
   3.3624839e+03  -1.8160820e-01
   3.3626794e+03  -1.7910385e-01
   3.3628749e+03  -1.7385864e-01
   3.3630704e+03  -1.7635155e-01
   3.3632659e+03  -1.7358589e-01
   3.3634614e+03  -1.8111610e-01
   3.3636569e+03  -1.7293930e-01
   3.3638524e+03  -1.7707634e-01
   3.3640479e+03  -1.7708015e-01
   3.3642434e+03  -1.7768288e-01
   3.3644389e+03  -1.6369629e-01
   3.3646344e+03  -1.7392349e-01
   3.3648299e+03  -1.6918755e-01
   3.3650254e+03  -1.6927528e-01
   3.3652209e+03  -1.7733955e-01
   3.3654164e+03  -1.6579628e-01
   3.3656119e+03  -1.6728592e-01
   3.3658074e+03  -1.7176056e-01
   3.3660029e+03  -1.6450310e-01
   3.3661984e+03  -1.6676903e-01
   3.3663939e+03  -1.6681099e-01
   3.3665894e+03  -1.6532326e-01
   3.3667849e+03  -1.6873360e-01
   3.3669804e+03  -1.6617203e-01
   3.3671760e+03  -1.5847778e-01
   3.3673715e+03  -1.5977859e-01
   3.3675670e+03  -1.6516685e-01
   3.3677625e+03  -1.6485786e-01
   3.3679580e+03  -1.6808891e-01
   3.3681535e+03  -1.6777229e-01
   3.3683490e+03  -1.6202736e-01
   3.3685445e+03  -1.6428375e-01
   3.3687400e+03  -1.6371536e-01
   3.3689355e+03  -1.6419220e-01
   3.3691310e+03  -1.6713142e-01
   3.3693265e+03  -1.6368675e-01
   3.3695220e+03  -1.6445732e-01
   3.3697175e+03  -1.6113091e-01
   3.3699130e+03  -1.6635704e-01
   3.3701085e+03  -1.6154289e-01
   3.3703040e+03  -1.6875648e-01
   3.3704995e+03  -1.6009903e-01
   3.3706950e+03  -1.6433907e-01
   3.3708905e+03  -1.6131401e-01
   3.3710860e+03  -1.6437531e-01
   3.3712815e+03  -1.6197586e-01
   3.3714770e+03  -1.6410065e-01
   3.3716725e+03  -1.6239357e-01
   3.3718680e+03  -1.5382004e-01
   3.3720635e+03  -1.6527367e-01
   3.3722590e+03  -1.6374779e-01
   3.3724545e+03  -1.5777016e-01
   3.3726500e+03  -1.6038513e-01
   3.3728456e+03  -1.6375542e-01
   3.3730411e+03  -1.6074371e-01
   3.3732366e+03  -1.5999222e-01
   3.3734321e+03  -1.7150688e-01
   3.3736276e+03  -1.5899849e-01
   3.3738231e+03  -1.5767860e-01
   3.3740186e+03  -1.6207123e-01
   3.3742141e+03  -1.5477753e-01
   3.3744096e+03  -1.5974998e-01
   3.3746051e+03  -1.5082932e-01
   3.3748006e+03  -1.5993118e-01
   3.3749961e+03  -1.6348839e-01
   3.3751916e+03  -1.5158272e-01
   3.3753871e+03  -1.5651321e-01
   3.3755826e+03  -1.5379524e-01
   3.3757781e+03  -1.5511131e-01
   3.3759736e+03  -1.5540504e-01
   3.3761691e+03  -1.5593719e-01
   3.3763646e+03  -1.6117096e-01
   3.3765601e+03  -1.6603851e-01
   3.3767556e+03  -1.5567780e-01
   3.3769511e+03  -1.6739845e-01
   3.3771466e+03  -1.5753365e-01
   3.3773421e+03  -1.6423035e-01
   3.3775376e+03  -1.4618492e-01
   3.3777331e+03  -1.5980339e-01
   3.3779286e+03  -1.6402626e-01
   3.3781241e+03  -1.5897560e-01
   3.3783196e+03  -1.5178108e-01
   3.3785152e+03  -1.5705490e-01
   3.3787107e+03  -1.5642738e-01
   3.3789062e+03  -1.6119957e-01
   3.3791017e+03  -1.5583992e-01
   3.3792972e+03  -1.5954018e-01
   3.3794927e+03  -1.5264893e-01
   3.3796882e+03  -1.6231918e-01
   3.3798837e+03  -1.4983749e-01
   3.3800792e+03  -1.6188049e-01
   3.3802747e+03  -1.5886116e-01
   3.3804702e+03  -1.5999413e-01
   3.3806657e+03  -1.5681839e-01
   3.3808612e+03  -1.5914726e-01
   3.3810567e+03  -1.5256882e-01
   3.3812522e+03  -1.5620422e-01
   3.3814477e+03  -1.5415573e-01
   3.3816432e+03  -1.5448952e-01
   3.3818387e+03  -1.6150665e-01
   3.3820342e+03  -1.6364288e-01
   3.3822297e+03  -1.5443039e-01
   3.3824252e+03  -1.5916824e-01
   3.3826207e+03  -1.5405655e-01
   3.3828162e+03  -1.6225052e-01
   3.3830117e+03  -1.5133476e-01
   3.3832072e+03  -1.4803123e-01
   3.3834027e+03  -1.5147972e-01
   3.3835982e+03  -1.6108322e-01
   3.3837937e+03  -1.6142845e-01
   3.3839892e+03  -1.4678192e-01
   3.3841848e+03  -1.5549088e-01
   3.3843803e+03  -1.5717888e-01
   3.3845758e+03  -1.5419006e-01
   3.3847713e+03  -1.5698242e-01
   3.3849668e+03  -1.5332222e-01
   3.3851623e+03  -1.5552521e-01
   3.3853578e+03  -1.5580368e-01
   3.3855533e+03  -1.5240669e-01
   3.3857488e+03  -1.4305687e-01
   3.3859443e+03  -1.5793419e-01
   3.3861398e+03  -1.5236664e-01
   3.3863353e+03  -1.5613174e-01
   3.3865308e+03  -1.5230179e-01
   3.3867263e+03  -1.5865707e-01
   3.3869218e+03  -1.5237045e-01
   3.3871173e+03  -1.5497208e-01
   3.3873128e+03  -1.5361404e-01
   3.3875083e+03  -1.5615463e-01
   3.3877038e+03  -1.4930916e-01
   3.3878993e+03  -1.5284157e-01
   3.3880948e+03  -1.5042114e-01
   3.3882903e+03  -1.5300751e-01
   3.3884858e+03  -1.5649605e-01
   3.3886813e+03  -1.5468216e-01
   3.3888768e+03  -1.4945602e-01
   3.3890723e+03  -1.5185547e-01
   3.3892678e+03  -1.5523720e-01
   3.3894633e+03  -1.4742279e-01
   3.3896588e+03  -1.4784622e-01
   3.3898543e+03  -1.5077591e-01
   3.3900499e+03  -1.6020012e-01
   3.3902454e+03  -1.5036201e-01
   3.3904409e+03  -1.5778351e-01
   3.3906364e+03  -1.5321350e-01
   3.3908319e+03  -1.5873909e-01
   3.3910274e+03  -1.5592384e-01
   3.3912229e+03  -1.6406631e-01
   3.3914184e+03  -1.5360451e-01
   3.3916139e+03  -1.4968491e-01
   3.3918094e+03  -1.5446281e-01
   3.3920049e+03  -1.5294266e-01
   3.3922004e+03  -1.4871788e-01
   3.3923959e+03  -1.5672684e-01
   3.3925914e+03  -1.4685440e-01
   3.3927869e+03  -1.5174866e-01
   3.3929824e+03  -1.5034103e-01
   3.3931779e+03  -1.5733147e-01
   3.3933734e+03  -1.5160751e-01
   3.3935689e+03  -1.6093063e-01
   3.3937644e+03  -1.4628029e-01
   3.3939599e+03  -1.5275002e-01
   3.3941554e+03  -1.5092087e-01
   3.3943509e+03  -1.4990616e-01
   3.3945464e+03  -1.5586662e-01
   3.3947419e+03  -1.5507698e-01
   3.3949374e+03  -1.5300751e-01
   3.3951329e+03  -1.5519905e-01
   3.3953284e+03  -1.5060806e-01
   3.3955239e+03  -1.5250778e-01
   3.3957195e+03  -1.5339470e-01
   3.3959150e+03  -1.4697266e-01
   3.3961105e+03  -1.5408325e-01
   3.3963060e+03  -1.6006279e-01
   3.3965015e+03  -1.5052795e-01
   3.3966970e+03  -1.5218735e-01
   3.3968925e+03  -1.5476799e-01
   3.3970880e+03  -1.5671730e-01
   3.3972835e+03  -1.4755058e-01
   3.3974790e+03  -1.5161896e-01
   3.3976745e+03  -1.5034485e-01
   3.3978700e+03  -1.5132332e-01
   3.3980655e+03  -1.6239738e-01
   3.3982610e+03  -1.5263748e-01
   3.3984565e+03  -1.5194511e-01
   3.3986520e+03  -1.5865898e-01
   3.3988475e+03  -1.5244484e-01
   3.3990430e+03  -1.5966797e-01
   3.3992385e+03  -1.5643501e-01
   3.3994340e+03  -1.4741516e-01
   3.3996295e+03  -1.6156578e-01
   3.3998250e+03  -1.5851021e-01
   3.4000205e+03  -1.5981674e-01
   3.4002160e+03  -1.6037560e-01
   3.4004115e+03  -1.4375305e-01
   3.4006070e+03  -1.5230370e-01
   3.4008025e+03  -1.5248108e-01
   3.4009980e+03  -1.5256882e-01
   3.4011935e+03  -1.5613556e-01
   3.4013891e+03  -1.5206146e-01
   3.4015846e+03  -1.5580750e-01
   3.4017801e+03  -1.4813423e-01
   3.4019756e+03  -1.5628052e-01
   3.4021711e+03  -1.5588760e-01
   3.4023666e+03  -1.5145683e-01
   3.4025621e+03  -1.6812325e-01
   3.4027576e+03  -1.5802002e-01
   3.4029531e+03  -1.4551544e-01
   3.4031486e+03  -1.5270615e-01
   3.4033441e+03  -1.5370750e-01
   3.4035396e+03  -1.5269852e-01
   3.4037351e+03  -1.4849854e-01
   3.4039306e+03  -1.5323257e-01
   3.4041261e+03  -1.4756393e-01
   3.4043216e+03  -1.5131760e-01
   3.4045171e+03  -1.5184784e-01
   3.4047126e+03  -1.5277481e-01
   3.4049081e+03  -1.4860916e-01
   3.4051036e+03  -1.4940262e-01
   3.4052991e+03  -1.5872765e-01
   3.4054946e+03  -1.5625381e-01
   3.4056901e+03  -1.5438271e-01
   3.4058856e+03  -1.4833641e-01
   3.4060811e+03  -1.4838219e-01
   3.4062766e+03  -1.6198540e-01
   3.4064721e+03  -1.5521049e-01
   3.4066676e+03  -1.5233612e-01
   3.4068631e+03  -1.6031837e-01
   3.4070587e+03  -1.5034676e-01
   3.4072542e+03  -1.6051102e-01
   3.4074497e+03  -1.5869713e-01
   3.4076452e+03  -1.4881516e-01
   3.4078407e+03  -1.5560722e-01
   3.4080362e+03  -1.5238762e-01
   3.4082317e+03  -1.5822983e-01
   3.4084272e+03  -1.5259552e-01
   3.4086227e+03  -1.5156937e-01
   3.4088182e+03  -1.5583229e-01
   3.4090137e+03  -1.5459251e-01
   3.4092092e+03  -1.5278816e-01
   3.4094047e+03  -1.4885330e-01
   3.4096002e+03  -1.5594101e-01
   3.4097957e+03  -1.5601349e-01
   3.4099912e+03  -1.4794731e-01
   3.4101867e+03  -1.5446091e-01
   3.4103822e+03  -1.4563179e-01
   3.4105777e+03  -1.5038681e-01
   3.4107732e+03  -1.4862633e-01
   3.4109687e+03  -1.5425110e-01
   3.4111642e+03  -1.5031624e-01
   3.4113597e+03  -1.5340996e-01
   3.4115552e+03  -1.5314865e-01
   3.4117507e+03  -1.5676880e-01
   3.4119462e+03  -1.5475845e-01
   3.4121417e+03  -1.5121841e-01
   3.4123372e+03  -1.5895271e-01
   3.4125327e+03  -1.5721130e-01
   3.4127283e+03  -1.6273880e-01
   3.4129238e+03  -1.5274811e-01
   3.4131193e+03  -1.5144157e-01
   3.4133148e+03  -1.4995193e-01
   3.4135103e+03  -1.5095139e-01
   3.4137058e+03  -1.4849472e-01
   3.4139013e+03  -1.5633965e-01
   3.4140968e+03  -1.5079880e-01
   3.4142923e+03  -1.5422249e-01
   3.4144878e+03  -1.4855957e-01
   3.4146833e+03  -1.5579414e-01
   3.4148788e+03  -1.5000725e-01
   3.4150743e+03  -1.5261650e-01
   3.4152698e+03  -1.5003777e-01
   3.4154653e+03  -1.5293884e-01
   3.4156608e+03  -1.5291595e-01
   3.4158563e+03  -1.4261436e-01
   3.4160518e+03  -1.5565109e-01
   3.4162473e+03  -1.5132713e-01
   3.4164428e+03  -1.5181732e-01
   3.4166383e+03  -1.5104675e-01
   3.4168338e+03  -1.5056610e-01
   3.4170293e+03  -1.5520477e-01
   3.4172248e+03  -1.4838028e-01
   3.4174203e+03  -1.4599991e-01
   3.4176158e+03  -1.4810562e-01
   3.4178113e+03  -1.5788078e-01
   3.4180068e+03  -1.4971733e-01
   3.4182023e+03  -1.4715576e-01
   3.4183978e+03  -1.4976311e-01
   3.4185934e+03  -1.4873695e-01
   3.4187889e+03  -1.5167999e-01
   3.4189844e+03  -1.5547943e-01
   3.4191799e+03  -1.4567757e-01
   3.4193754e+03  -1.4434433e-01
   3.4195709e+03  -1.5650177e-01
   3.4197664e+03  -1.4175224e-01
   3.4199619e+03  -1.5028191e-01
   3.4201574e+03  -1.4782524e-01
   3.4203529e+03  -1.5320778e-01
   3.4205484e+03  -1.5419960e-01
   3.4207439e+03  -1.5395927e-01
   3.4209394e+03  -1.4328766e-01
   3.4211349e+03  -1.5586853e-01
   3.4213304e+03  -1.6021347e-01
   3.4215259e+03  -1.5402985e-01
   3.4217214e+03  -1.4995193e-01
   3.4219169e+03  -1.4933777e-01
   3.4221124e+03  -1.4674377e-01
   3.4223079e+03  -1.4276695e-01
   3.4225034e+03  -1.5165710e-01
   3.4226989e+03  -1.5154457e-01
   3.4228944e+03  -1.5377426e-01
   3.4230899e+03  -1.5874290e-01
   3.4232854e+03  -1.5098763e-01
   3.4234809e+03  -1.5008545e-01
   3.4236764e+03  -1.4507294e-01
   3.4238719e+03  -1.5040779e-01
   3.4240674e+03  -1.4962769e-01
   3.4242630e+03  -1.5701485e-01
   3.4244585e+03  -1.4947701e-01
   3.4246540e+03  -1.4657021e-01
   3.4248495e+03  -1.5360641e-01
   3.4250450e+03  -1.5303802e-01
   3.4252405e+03  -1.5534401e-01
   3.4254360e+03  -1.5452385e-01
   3.4256315e+03  -1.5211868e-01
   3.4258270e+03  -1.4885712e-01
   3.4260225e+03  -1.4199257e-01
   3.4262180e+03  -1.5527534e-01
   3.4264135e+03  -1.5805817e-01
   3.4266090e+03  -1.5072250e-01
   3.4268045e+03  -1.4608574e-01
   3.4270000e+03  -1.5602875e-01
