   3.2270000e+03  -1.3941193e-01
   3.2271955e+03  -1.5270233e-01
   3.2273910e+03  -1.5117455e-01
   3.2275865e+03  -1.4533806e-01
   3.2277820e+03  -1.4993858e-01
   3.2279775e+03  -1.5154839e-01
   3.2281730e+03  -1.5465736e-01
   3.2283685e+03  -1.4754486e-01
   3.2285640e+03  -1.4454269e-01
   3.2287595e+03  -1.4387894e-01
   3.2289550e+03  -1.3989258e-01
   3.2291505e+03  -1.6233444e-01
   3.2293460e+03  -1.4439201e-01
   3.2295415e+03  -1.5473175e-01
   3.2297370e+03  -1.4650154e-01
   3.2299326e+03  -1.6136742e-01
   3.2301281e+03  -1.4966393e-01
   3.2303236e+03  -1.4818001e-01
   3.2305191e+03  -1.5652847e-01
   3.2307146e+03  -1.4924049e-01
   3.2309101e+03  -1.4903069e-01
   3.2311056e+03  -1.5359879e-01
   3.2313011e+03  -1.6295242e-01
   3.2314966e+03  -1.4007568e-01
   3.2316921e+03  -1.4703941e-01
   3.2318876e+03  -1.4978981e-01
   3.2320831e+03  -1.4672661e-01
   3.2322786e+03  -1.5204239e-01
   3.2324741e+03  -1.5558243e-01
   3.2326696e+03  -1.5532875e-01
   3.2328651e+03  -1.4444542e-01
   3.2330606e+03  -1.5580940e-01
   3.2332561e+03  -1.4958000e-01
   3.2334516e+03  -1.5939713e-01
   3.2336471e+03  -1.5371513e-01
   3.2338426e+03  -1.5256882e-01
   3.2340381e+03  -1.5659904e-01
   3.2342336e+03  -1.5574265e-01
   3.2344291e+03  -1.4646339e-01
   3.2346246e+03  -1.4863396e-01
   3.2348201e+03  -1.4700699e-01
   3.2350156e+03  -1.4615250e-01
   3.2352111e+03  -1.4260864e-01
   3.2354066e+03  -1.4377213e-01
   3.2356022e+03  -1.4552307e-01
   3.2357977e+03  -1.5278053e-01
   3.2359932e+03  -1.4986229e-01
   3.2361887e+03  -1.4603043e-01
   3.2363842e+03  -1.5219498e-01
   3.2365797e+03  -1.4490318e-01
   3.2367752e+03  -1.4805794e-01
   3.2369707e+03  -1.6069221e-01
   3.2371662e+03  -1.5214729e-01
   3.2373617e+03  -1.5180969e-01
   3.2375572e+03  -1.6026688e-01
   3.2377527e+03  -1.5076637e-01
   3.2379482e+03  -1.5324593e-01
   3.2381437e+03  -1.5481949e-01
   3.2383392e+03  -1.4599800e-01
   3.2385347e+03  -1.4900208e-01
   3.2387302e+03  -1.4197922e-01
   3.2389257e+03  -1.4842606e-01
   3.2391212e+03  -1.4915085e-01
   3.2393167e+03  -1.5090942e-01
   3.2395122e+03  -1.5323067e-01
   3.2397077e+03  -1.4789200e-01
   3.2399032e+03  -1.5606689e-01
   3.2400987e+03  -1.5905571e-01
   3.2402942e+03  -1.4866638e-01
   3.2404897e+03  -1.5004921e-01
   3.2406852e+03  -1.4855003e-01
   3.2408807e+03  -1.5433884e-01
   3.2410762e+03  -1.5699577e-01
   3.2412717e+03  -1.4116478e-01
   3.2414673e+03  -1.5032196e-01
   3.2416628e+03  -1.6028404e-01
   3.2418583e+03  -1.4656448e-01
   3.2420538e+03  -1.5060234e-01
   3.2422493e+03  -1.4334297e-01
   3.2424448e+03  -1.4925766e-01
   3.2426403e+03  -1.4810562e-01
   3.2428358e+03  -1.4777374e-01
   3.2430313e+03  -1.4381599e-01
   3.2432268e+03  -1.4999771e-01
   3.2434223e+03  -1.5117836e-01
   3.2436178e+03  -1.5552902e-01
   3.2438133e+03  -1.4343834e-01
   3.2440088e+03  -1.5195274e-01
   3.2442043e+03  -1.5001488e-01
   3.2443998e+03  -1.5571976e-01
   3.2445953e+03  -1.5080833e-01
   3.2447908e+03  -1.5327454e-01
   3.2449863e+03  -1.4804077e-01
   3.2451818e+03  -1.6261482e-01
   3.2453773e+03  -1.4586830e-01
   3.2455728e+03  -1.5332985e-01
   3.2457683e+03  -1.4348793e-01
   3.2459638e+03  -1.5663147e-01
   3.2461593e+03  -1.5089035e-01
   3.2463548e+03  -1.4498901e-01
   3.2465503e+03  -1.5509224e-01
   3.2467458e+03  -1.5165138e-01
   3.2469413e+03  -1.4950943e-01
   3.2471369e+03  -1.4923859e-01
   3.2473324e+03  -1.4364624e-01
   3.2475279e+03  -1.5277481e-01
   3.2477234e+03  -1.5515518e-01
   3.2479189e+03  -1.5961838e-01
   3.2481144e+03  -1.5529442e-01
   3.2483099e+03  -1.5075302e-01
   3.2485054e+03  -1.4976311e-01
   3.2487009e+03  -1.5181923e-01
   3.2488964e+03  -1.5446854e-01
   3.2490919e+03  -1.4977837e-01
   3.2492874e+03  -1.5867233e-01
   3.2494829e+03  -1.5389061e-01
   3.2496784e+03  -1.4744949e-01
   3.2498739e+03  -1.6284943e-01
   3.2500694e+03  -1.4712906e-01
   3.2502649e+03  -1.5120125e-01
   3.2504604e+03  -1.5351295e-01
   3.2506559e+03  -1.5737343e-01
   3.2508514e+03  -1.5598679e-01
   3.2510469e+03  -1.5487862e-01
   3.2512424e+03  -1.5493011e-01
   3.2514379e+03  -1.5394783e-01
   3.2516334e+03  -1.5677071e-01
   3.2518289e+03  -1.5324402e-01
   3.2520244e+03  -1.4482307e-01
   3.2522199e+03  -1.5661430e-01
   3.2524154e+03  -1.5149307e-01
   3.2526109e+03  -1.5241623e-01
   3.2528065e+03  -1.4169121e-01
   3.2530020e+03  -1.4868546e-01
   3.2531975e+03  -1.5225792e-01
   3.2533930e+03  -1.5160179e-01
   3.2535885e+03  -1.5567207e-01
   3.2537840e+03  -1.5308571e-01
   3.2539795e+03  -1.4798737e-01
   3.2541750e+03  -1.5334129e-01
   3.2543705e+03  -1.5357208e-01
   3.2545660e+03  -1.6223907e-01
   3.2547615e+03  -1.5184021e-01
   3.2549570e+03  -1.5125847e-01
   3.2551525e+03  -1.5629196e-01
   3.2553480e+03  -1.5888023e-01
   3.2555435e+03  -1.4952850e-01
   3.2557390e+03  -1.5439034e-01
   3.2559345e+03  -1.4659882e-01
   3.2561300e+03  -1.5074158e-01
   3.2563255e+03  -1.5315056e-01
   3.2565210e+03  -1.6154099e-01
   3.2567165e+03  -1.5082169e-01
   3.2569120e+03  -1.4562988e-01
   3.2571075e+03  -1.5791321e-01
   3.2573030e+03  -1.5492249e-01
   3.2574985e+03  -1.5727425e-01
   3.2576940e+03  -1.4611053e-01
   3.2578895e+03  -1.5212250e-01
   3.2580850e+03  -1.4825058e-01
   3.2582805e+03  -1.5360832e-01
   3.2584761e+03  -1.4750290e-01
   3.2586716e+03  -1.5638351e-01
   3.2588671e+03  -1.5354538e-01
   3.2590626e+03  -1.5626907e-01
   3.2592581e+03  -1.5702057e-01
   3.2594536e+03  -1.4702797e-01
   3.2596491e+03  -1.4297485e-01
   3.2598446e+03  -1.5944672e-01
   3.2600401e+03  -1.5061378e-01
   3.2602356e+03  -1.5049362e-01
   3.2604311e+03  -1.5420723e-01
   3.2606266e+03  -1.5099907e-01
   3.2608221e+03  -1.5330505e-01
   3.2610176e+03  -1.5756989e-01
   3.2612131e+03  -1.5777016e-01
   3.2614086e+03  -1.5519333e-01
   3.2616041e+03  -1.4796448e-01
   3.2617996e+03  -1.4868736e-01
   3.2619951e+03  -1.4597511e-01
   3.2621906e+03  -1.5007591e-01
   3.2623861e+03  -1.5036583e-01
   3.2625816e+03  -1.6026115e-01
   3.2627771e+03  -1.5023232e-01
   3.2629726e+03  -1.4996529e-01
   3.2631681e+03  -1.5555000e-01
   3.2633636e+03  -1.5167427e-01
   3.2635591e+03  -1.4547157e-01
   3.2637546e+03  -1.5677071e-01
   3.2639501e+03  -1.5570068e-01
   3.2641457e+03  -1.5968513e-01
   3.2643412e+03  -1.5841293e-01
   3.2645367e+03  -1.5542603e-01
   3.2647322e+03  -1.4534569e-01
   3.2649277e+03  -1.4440346e-01
   3.2651232e+03  -1.5920258e-01
   3.2653187e+03  -1.5619087e-01
   3.2655142e+03  -1.4081573e-01
   3.2657097e+03  -1.4881134e-01
   3.2659052e+03  -1.4920998e-01
   3.2661007e+03  -1.5487862e-01
   3.2662962e+03  -1.4572334e-01
   3.2664917e+03  -1.4999771e-01
   3.2666872e+03  -1.4333725e-01
   3.2668827e+03  -1.4455223e-01
   3.2670782e+03  -1.5426254e-01
   3.2672737e+03  -1.5095901e-01
   3.2674692e+03  -1.4894485e-01
   3.2676647e+03  -1.5635109e-01
   3.2678602e+03  -1.5125465e-01
   3.2680557e+03  -1.5605545e-01
   3.2682512e+03  -1.5257835e-01
   3.2684467e+03  -1.4711952e-01
   3.2686422e+03  -1.4860535e-01
   3.2688377e+03  -1.5660477e-01
   3.2690332e+03  -1.4847946e-01
   3.2692287e+03  -1.5420914e-01
   3.2694242e+03  -1.5524673e-01
   3.2696197e+03  -1.5468597e-01
   3.2698152e+03  -1.5899849e-01
   3.2700108e+03  -1.4660263e-01
   3.2702063e+03  -1.5786743e-01
   3.2704018e+03  -1.5872955e-01
   3.2705973e+03  -1.5218353e-01
   3.2707928e+03  -1.4586830e-01
   3.2709883e+03  -1.5271187e-01
   3.2711838e+03  -1.4384079e-01
   3.2713793e+03  -1.5401459e-01
   3.2715748e+03  -1.5268898e-01
   3.2717703e+03  -1.4845848e-01
   3.2719658e+03  -1.5436745e-01
   3.2721613e+03  -1.4499092e-01
   3.2723568e+03  -1.4908028e-01
   3.2725523e+03  -1.4315987e-01
   3.2727478e+03  -1.4157677e-01
   3.2729433e+03  -1.5067482e-01
   3.2731388e+03  -1.5268898e-01
   3.2733343e+03  -1.4791489e-01
   3.2735298e+03  -1.5522957e-01
   3.2737253e+03  -1.5415955e-01
   3.2739208e+03  -1.4159966e-01
   3.2741163e+03  -1.5244102e-01
   3.2743118e+03  -1.5113640e-01
   3.2745073e+03  -1.5351486e-01
   3.2747028e+03  -1.4930153e-01
   3.2748983e+03  -1.5027428e-01
   3.2750938e+03  -1.5221786e-01
   3.2752893e+03  -1.4990807e-01
   3.2754848e+03  -1.5544319e-01
   3.2756804e+03  -1.5154457e-01
   3.2758759e+03  -1.3861465e-01
   3.2760714e+03  -1.4983559e-01
   3.2762669e+03  -1.5370560e-01
   3.2764624e+03  -1.5196991e-01
   3.2766579e+03  -1.3512039e-01
   3.2768534e+03  -1.5031242e-01
   3.2770489e+03  -1.4700127e-01
   3.2772444e+03  -1.4693832e-01
   3.2774399e+03  -1.4335442e-01
   3.2776354e+03  -1.4161491e-01
   3.2778309e+03  -1.5331650e-01
   3.2780264e+03  -1.4426041e-01
   3.2782219e+03  -1.5046692e-01
   3.2784174e+03  -1.4122391e-01
   3.2786129e+03  -1.4430428e-01
   3.2788084e+03  -1.4483452e-01
   3.2790039e+03  -1.4585876e-01
   3.2791994e+03  -1.4101791e-01
   3.2793949e+03  -1.4332199e-01
   3.2795904e+03  -1.4749527e-01
   3.2797859e+03  -1.3860321e-01
   3.2799814e+03  -1.3833237e-01
   3.2801769e+03  -1.4865685e-01
   3.2803724e+03  -1.3222694e-01
   3.2805679e+03  -1.3809395e-01
   3.2807634e+03  -1.4725876e-01
   3.2809589e+03  -1.4221954e-01
   3.2811544e+03  -1.3316917e-01
   3.2813500e+03  -1.4068794e-01
   3.2815455e+03  -1.4129829e-01
   3.2817410e+03  -1.3519669e-01
   3.2819365e+03  -1.4192200e-01
   3.2821320e+03  -1.3633728e-01
   3.2823275e+03  -1.2852287e-01
   3.2825230e+03  -1.3932228e-01
   3.2827185e+03  -1.3362122e-01
   3.2829140e+03  -1.2973785e-01
   3.2831095e+03  -1.2878799e-01
   3.2833050e+03  -1.3608742e-01
   3.2835005e+03  -1.3165665e-01
   3.2836960e+03  -1.2263107e-01
   3.2838915e+03  -1.2267303e-01
   3.2840870e+03  -1.2724686e-01
   3.2842825e+03  -1.1990166e-01
   3.2844780e+03  -1.2564087e-01
   3.2846735e+03  -1.2470627e-01
   3.2848690e+03  -1.2032127e-01
   3.2850645e+03  -1.1560822e-01
   3.2852600e+03  -1.1565399e-01
   3.2854555e+03  -1.0956192e-01
   3.2856510e+03  -1.0924911e-01
   3.2858465e+03  -1.1382103e-01
   3.2860420e+03  -9.9174500e-02
   3.2862375e+03  -1.0667229e-01
   3.2864330e+03  -1.0286522e-01
   3.2866285e+03  -1.0302544e-01
   3.2868240e+03  -9.7812653e-02
   3.2870196e+03  -9.7055435e-02
   3.2872151e+03  -9.4371796e-02
   3.2874106e+03  -8.9429855e-02
   3.2876061e+03  -8.6666107e-02
   3.2878016e+03  -8.1565857e-02
   3.2879971e+03  -8.5454941e-02
   3.2881926e+03  -7.8489304e-02
   3.2883881e+03  -7.7358246e-02
   3.2885836e+03  -7.4470520e-02
   3.2887791e+03  -6.3577652e-02
   3.2889746e+03  -7.1159363e-02
   3.2891701e+03  -5.7413101e-02
   3.2893656e+03  -6.2248230e-02
   3.2895611e+03  -5.2415848e-02
   3.2897566e+03  -4.8871994e-02
   3.2899521e+03  -3.8942337e-02
   3.2901476e+03  -4.1553497e-02
   3.2903431e+03  -4.0145874e-02
   3.2905386e+03  -2.8095245e-02
   3.2907341e+03  -2.5777817e-02
   3.2909296e+03  -2.1986008e-02
   3.2911251e+03  -2.4623871e-02
   3.2913206e+03  -1.4978409e-02
   3.2915161e+03  -1.2784958e-02
   3.2917116e+03  -3.9291382e-03
   3.2919071e+03  -5.9223175e-03
   3.2921026e+03   9.7274780e-05
   3.2922981e+03   3.6621094e-03
   3.2924936e+03   1.3441086e-02
   3.2926891e+03   1.4965057e-02
   3.2928847e+03   2.2333145e-02
   3.2930802e+03   2.4452209e-02
   3.2932757e+03   2.2100449e-02
   3.2934712e+03   2.7700424e-02
   3.2936667e+03   2.4206161e-02
   3.2938622e+03   3.8505554e-02
   3.2940577e+03   3.0416489e-02
   3.2942532e+03   4.5085907e-02
   3.2944487e+03   4.5808792e-02
   3.2946442e+03   4.4437408e-02
   3.2948397e+03   4.7416687e-02
   3.2950352e+03   5.1727295e-02
   3.2952307e+03   5.6497574e-02
   3.2954262e+03   5.6594849e-02
   3.2956217e+03   5.7224274e-02
   3.2958172e+03   5.6772232e-02
   3.2960127e+03   6.1618805e-02
   3.2962082e+03   5.5316925e-02
   3.2964037e+03   5.4151535e-02
   3.2965992e+03   7.1569443e-02
   3.2967947e+03   6.4920425e-02
   3.2969902e+03   7.0287704e-02
   3.2971857e+03   6.6291809e-02
   3.2973812e+03   7.1573257e-02
   3.2975767e+03   7.4453354e-02
   3.2977722e+03   7.8752518e-02
   3.2979677e+03   8.7261200e-02
   3.2981632e+03   8.7579727e-02
   3.2983587e+03   9.0824127e-02
   3.2985543e+03   9.6632004e-02
   3.2987498e+03   9.7858429e-02
   3.2989453e+03   1.0647964e-01
   3.2991408e+03   1.0491562e-01
   3.2993363e+03   1.0693359e-01
   3.2995318e+03   1.2147903e-01
   3.2997273e+03   1.3149834e-01
   3.2999228e+03   1.4377213e-01
   3.3001183e+03   1.5283775e-01
   3.3003138e+03   1.6576385e-01
   3.3005093e+03   1.7245865e-01
   3.3007048e+03   2.0040131e-01
   3.3009003e+03   1.9608498e-01
   3.3010958e+03   2.1471786e-01
   3.3012913e+03   2.4400520e-01
   3.3014868e+03   2.6240921e-01
   3.3016823e+03   2.8752327e-01
   3.3018778e+03   3.1738853e-01
   3.3020733e+03   3.4863472e-01
   3.3022688e+03   3.9441490e-01
   3.3024643e+03   4.4975471e-01
   3.3026598e+03   5.0166130e-01
   3.3028553e+03   5.4067039e-01
   3.3030508e+03   5.4518127e-01
   3.3032463e+03   5.0494385e-01
   3.3034418e+03   3.8298225e-01
   3.3036373e+03   2.1817398e-01
   3.3038328e+03   4.5185089e-03
   3.3040283e+03  -2.1641922e-01
   3.3042239e+03  -4.2326736e-01
   3.3044194e+03  -5.7339096e-01
   3.3046149e+03  -6.6554832e-01
   3.3048104e+03  -7.2879028e-01
   3.3050059e+03  -7.3062325e-01
   3.3052014e+03  -7.1461868e-01
   3.3053969e+03  -6.7659378e-01
   3.3055924e+03  -6.5282822e-01
   3.3057879e+03  -6.1950111e-01
   3.3059834e+03  -6.0111046e-01
   3.3061789e+03  -5.7878685e-01
   3.3063744e+03  -5.6378937e-01
   3.3065699e+03  -5.5408287e-01
   3.3067654e+03  -5.3849602e-01
   3.3069609e+03  -5.3150558e-01
   3.3071564e+03  -5.2920151e-01
   3.3073519e+03  -5.1968956e-01
   3.3075474e+03  -5.1554680e-01
   3.3077429e+03  -5.1492119e-01
   3.3079384e+03  -5.0281143e-01
   3.3081339e+03  -5.0521660e-01
   3.3083294e+03  -5.0347137e-01
   3.3085249e+03  -4.9923325e-01
   3.3087204e+03  -4.9450111e-01
   3.3089159e+03  -4.8047829e-01
   3.3091114e+03  -4.7611809e-01
   3.3093069e+03  -4.8036003e-01
   3.3095024e+03  -4.6123886e-01
   3.3096979e+03  -4.5035362e-01
   3.3098935e+03  -4.2333603e-01
   3.3100890e+03  -4.0532112e-01
   3.3102845e+03  -3.8244438e-01
   3.3104800e+03  -3.6233330e-01
   3.3106755e+03  -3.3342934e-01
   3.3108710e+03  -3.0495453e-01
   3.3110665e+03  -2.8624535e-01
   3.3112620e+03  -2.5744629e-01
   3.3114575e+03  -2.2456741e-01
   3.3116530e+03  -1.9696426e-01
   3.3118485e+03  -1.7061424e-01
   3.3120440e+03  -1.4777374e-01
   3.3122395e+03  -1.0662460e-01
   3.3124350e+03  -8.0003738e-02
   3.3126305e+03  -4.7929764e-02
   3.3128260e+03  -1.5214920e-02
   3.3130215e+03   2.5104523e-02
   3.3132170e+03   6.0453415e-02
   3.3134125e+03   8.4993362e-02
   3.3136080e+03   1.2635231e-01
   3.3138035e+03   1.5714836e-01
   3.3139990e+03   1.9805527e-01
   3.3141945e+03   2.3520470e-01
   3.3143900e+03   2.7603912e-01
   3.3145855e+03   2.9678535e-01
   3.3147810e+03   3.3696556e-01
   3.3149765e+03   3.8461494e-01
   3.3151720e+03   4.1103172e-01
   3.3153675e+03   4.5867538e-01
   3.3155630e+03   4.8669624e-01
   3.3157586e+03   5.2796364e-01
   3.3159541e+03   5.7518196e-01
   3.3161496e+03   6.0773849e-01
   3.3163451e+03   6.4124107e-01
   3.3165406e+03   6.8173599e-01
   3.3167361e+03   7.2145462e-01
   3.3169316e+03   7.6182365e-01
   3.3171271e+03   7.9918480e-01
   3.3173226e+03   8.4472847e-01
   3.3175181e+03   8.5888100e-01
   3.3177136e+03   9.0668297e-01
   3.3179091e+03   9.4029999e-01
   3.3181046e+03   9.6340752e-01
   3.3183001e+03   1.0034008e+00
   3.3184956e+03   1.0170097e+00
   3.3186911e+03   1.0188980e+00
   3.3188866e+03   9.7921944e-01
   3.3190821e+03   8.7792969e-01
   3.3192776e+03   6.9230080e-01
   3.3194731e+03   4.3247795e-01
   3.3196686e+03   9.8974228e-02
   3.3198641e+03  -2.5481033e-01
   3.3200596e+03  -5.9880066e-01
   3.3202551e+03  -8.9529228e-01
   3.3204506e+03  -1.1177006e+00
   3.3206461e+03  -1.2288742e+00
   3.3208416e+03  -1.2915039e+00
   3.3210371e+03  -1.2949181e+00
   3.3212326e+03  -1.2661972e+00
   3.3214282e+03  -1.2179394e+00
   3.3216237e+03  -1.1644707e+00
   3.3218192e+03  -1.1105595e+00
   3.3220147e+03  -1.0695915e+00
   3.3222102e+03  -1.0198479e+00
   3.3224057e+03  -9.7227478e-01
   3.3226012e+03  -9.4393349e-01
   3.3227967e+03  -8.9786720e-01
   3.3229922e+03  -8.4971046e-01
   3.3231877e+03  -8.1287575e-01
   3.3233832e+03  -7.5714302e-01
   3.3235787e+03  -7.3167992e-01
   3.3237742e+03  -6.8670464e-01
   3.3239697e+03  -6.4561653e-01
   3.3241652e+03  -6.0856438e-01
   3.3243607e+03  -5.6183052e-01
   3.3245562e+03  -5.2725983e-01
   3.3247517e+03  -5.0214386e-01
   3.3249472e+03  -4.7469521e-01
   3.3251427e+03  -4.4106865e-01
   3.3253382e+03  -4.1594887e-01
   3.3255337e+03  -3.7558174e-01
   3.3257292e+03  -3.5225487e-01
   3.3259247e+03  -3.2347679e-01
   3.3261202e+03  -2.9403305e-01
   3.3263157e+03  -2.7330208e-01
   3.3265112e+03  -2.4935341e-01
   3.3267067e+03  -2.2857857e-01
   3.3269022e+03  -2.1994972e-01
   3.3270978e+03  -1.9879913e-01
   3.3272933e+03  -1.8324852e-01
   3.3274888e+03  -1.7483139e-01
   3.3276843e+03  -1.5597916e-01
   3.3278798e+03  -1.4770889e-01
   3.3280753e+03  -1.4168167e-01
   3.3282708e+03  -1.3976097e-01
   3.3284663e+03  -1.3308907e-01
   3.3286618e+03  -1.3349152e-01
   3.3288573e+03  -1.3200188e-01
   3.3290528e+03  -1.2248421e-01
   3.3292483e+03  -1.2505150e-01
   3.3294438e+03  -1.1618233e-01
   3.3296393e+03  -1.2086296e-01
   3.3298348e+03  -1.2747955e-01
   3.3300303e+03  -1.2230301e-01
   3.3302258e+03  -1.2497520e-01
   3.3304213e+03  -1.2809944e-01
   3.3306168e+03  -1.2098694e-01
   3.3308123e+03  -1.2927628e-01
   3.3310078e+03  -1.3253593e-01
   3.3312033e+03  -1.3390541e-01
   3.3313988e+03  -1.2620354e-01
   3.3315943e+03  -1.3174248e-01
   3.3317898e+03  -1.3228035e-01
   3.3319853e+03  -1.1913872e-01
   3.3321808e+03  -1.2270355e-01
   3.3323763e+03  -1.2529373e-01
   3.3325718e+03  -1.2057304e-01
   3.3327674e+03  -1.1641312e-01
   3.3329629e+03  -1.1767769e-01
   3.3331584e+03  -1.2011528e-01
   3.3333539e+03  -1.1744308e-01
   3.3335494e+03  -1.1163330e-01
   3.3337449e+03  -1.0809898e-01
   3.3339404e+03  -9.9430084e-02
   3.3341359e+03  -9.0200424e-02
   3.3343314e+03  -6.9826126e-02
   3.3345269e+03  -5.0342560e-02
   3.3347224e+03  -3.6500931e-02
   3.3349179e+03  -8.0928802e-03
   3.3351134e+03  -2.2697449e-03
   3.3353089e+03  -2.1617889e-02
   3.3355044e+03  -8.7770462e-02
   3.3356999e+03  -1.7463493e-01
   3.3358954e+03  -2.8141403e-01
   3.3360909e+03  -3.9550972e-01
   3.3362864e+03  -4.8180008e-01
   3.3364819e+03  -5.3597641e-01
   3.3366774e+03  -5.4654503e-01
   3.3368729e+03  -5.3402901e-01
   3.3370684e+03  -5.0920868e-01
   3.3372639e+03  -4.8293877e-01
   3.3374594e+03  -4.3302917e-01
   3.3376549e+03  -4.1573715e-01
   3.3378504e+03  -3.8210678e-01
   3.3380459e+03  -3.7679291e-01
   3.3382414e+03  -3.6050987e-01
   3.3384370e+03  -3.5215378e-01
   3.3386325e+03  -3.4103394e-01
   3.3388280e+03  -3.3520508e-01
   3.3390235e+03  -3.3451462e-01
   3.3392190e+03  -3.2812881e-01
   3.3394145e+03  -3.1920815e-01
   3.3396100e+03  -3.0797768e-01
   3.3398055e+03  -3.0531311e-01
   3.3400010e+03  -2.8910065e-01
   3.3401965e+03  -2.8775215e-01
   3.3403920e+03  -2.7869225e-01
   3.3405875e+03  -2.8213310e-01
   3.3407830e+03  -2.6703644e-01
   3.3409785e+03  -2.6235962e-01
   3.3411740e+03  -2.6625824e-01
   3.3413695e+03  -2.5576019e-01
   3.3415650e+03  -2.5567627e-01
   3.3417605e+03  -2.4743462e-01
   3.3419560e+03  -2.5276375e-01
   3.3421515e+03  -2.4800491e-01
   3.3423470e+03  -2.3780823e-01
   3.3425425e+03  -2.4086380e-01
   3.3427380e+03  -2.3941422e-01
   3.3429335e+03  -2.3403549e-01
   3.3431290e+03  -2.2926521e-01
   3.3433245e+03  -2.2614479e-01
   3.3435200e+03  -2.2808647e-01
   3.3437155e+03  -2.1754456e-01
   3.3439110e+03  -2.1787643e-01
   3.3441065e+03  -2.1865273e-01
   3.3443021e+03  -2.1623993e-01
   3.3444976e+03  -2.2477341e-01
   3.3446931e+03  -2.0845032e-01
   3.3448886e+03  -2.0994759e-01
   3.3450841e+03  -2.0785904e-01
   3.3452796e+03  -2.1238708e-01
   3.3454751e+03  -2.1190453e-01
   3.3456706e+03  -2.1573448e-01
   3.3458661e+03  -2.1097946e-01
   3.3460616e+03  -2.1483612e-01
   3.3462571e+03  -2.1165657e-01
   3.3464526e+03  -2.0595932e-01
   3.3466481e+03  -2.1236801e-01
   3.3468436e+03  -2.1269417e-01
   3.3470391e+03  -2.1075249e-01
   3.3472346e+03  -2.1117973e-01
   3.3474301e+03  -2.2225571e-01
   3.3476256e+03  -2.1059799e-01
   3.3478211e+03  -2.0989609e-01
   3.3480166e+03  -2.1387100e-01
   3.3482121e+03  -2.2238350e-01
   3.3484076e+03  -2.1338844e-01
   3.3486031e+03  -2.1814346e-01
   3.3487986e+03  -2.2110176e-01
   3.3489941e+03  -2.1364594e-01
   3.3491896e+03  -2.2401428e-01
   3.3493851e+03  -2.1468544e-01
   3.3495806e+03  -2.2959328e-01
   3.3497761e+03  -2.1716690e-01
   3.3499717e+03  -2.2514725e-01
   3.3501672e+03  -2.2912788e-01
   3.3503627e+03  -2.2989845e-01
   3.3505582e+03  -2.2834396e-01
   3.3507537e+03  -2.2836113e-01
   3.3509492e+03  -2.2429848e-01
   3.3511447e+03  -2.3107147e-01
   3.3513402e+03  -2.3066330e-01
   3.3515357e+03  -2.3710632e-01
   3.3517312e+03  -2.2998619e-01
   3.3519267e+03  -2.3112488e-01
   3.3521222e+03  -2.3894882e-01
   3.3523177e+03  -2.4142265e-01
   3.3525132e+03  -2.3672485e-01
   3.3527087e+03  -2.3441505e-01
   3.3529042e+03  -2.2549057e-01
   3.3530997e+03  -2.3115158e-01
   3.3532952e+03  -2.3011780e-01
   3.3534907e+03  -2.3797798e-01
   3.3536862e+03  -2.3155785e-01
   3.3538817e+03  -2.3599625e-01
   3.3540772e+03  -2.3492050e-01
   3.3542727e+03  -2.3600578e-01
   3.3544682e+03  -2.2980309e-01
   3.3546637e+03  -2.2617722e-01
   3.3548592e+03  -2.3481941e-01
   3.3550547e+03  -2.3197556e-01
   3.3552502e+03  -2.2622871e-01
   3.3554457e+03  -2.2406578e-01
   3.3556413e+03  -2.2312927e-01
   3.3558368e+03  -2.2196388e-01
   3.3560323e+03  -2.1814919e-01
   3.3562278e+03  -2.1886063e-01
   3.3564233e+03  -2.1481133e-01
   3.3566188e+03  -2.1576309e-01
   3.3568143e+03  -2.1508980e-01
   3.3570098e+03  -2.2273636e-01
   3.3572053e+03  -2.1059418e-01
   3.3574008e+03  -2.1119690e-01
   3.3575963e+03  -2.0434952e-01
   3.3577918e+03  -1.9990921e-01
   3.3579873e+03  -2.1313858e-01
   3.3581828e+03  -2.0619965e-01
   3.3583783e+03  -1.9651604e-01
   3.3585738e+03  -2.0177269e-01
   3.3587693e+03  -2.0041847e-01
   3.3589648e+03  -2.0070648e-01
   3.3591603e+03  -1.9661713e-01
   3.3593558e+03  -1.9349289e-01
   3.3595513e+03  -1.9156647e-01
   3.3597468e+03  -1.9519234e-01
   3.3599423e+03  -1.9773865e-01
   3.3601378e+03  -1.9558716e-01
   3.3603333e+03  -1.9137192e-01
   3.3605288e+03  -1.9255447e-01
   3.3607243e+03  -1.8431473e-01
   3.3609198e+03  -1.9653320e-01
   3.3611153e+03  -1.8422699e-01
   3.3613109e+03  -1.8449211e-01
   3.3615064e+03  -1.9249344e-01
   3.3617019e+03  -1.8585777e-01
   3.3618974e+03  -1.8093491e-01
   3.3620929e+03  -1.8782043e-01
   3.3622884e+03  -1.8195915e-01
   3.3624839e+03  -1.7611885e-01
   3.3626794e+03  -1.8204498e-01
   3.3628749e+03  -1.7114830e-01
   3.3630704e+03  -1.8468666e-01
   3.3632659e+03  -1.7011452e-01
   3.3634614e+03  -1.7620659e-01
   3.3636569e+03  -1.7750359e-01
   3.3638524e+03  -1.7837715e-01
   3.3640479e+03  -1.7734909e-01
   3.3642434e+03  -1.7305565e-01
   3.3644389e+03  -1.8036842e-01
   3.3646344e+03  -1.7188263e-01
   3.3648299e+03  -1.7408562e-01
   3.3650254e+03  -1.6903305e-01
   3.3652209e+03  -1.7142105e-01
   3.3654164e+03  -1.7764854e-01
   3.3656119e+03  -1.7537498e-01
   3.3658074e+03  -1.6559601e-01
   3.3660029e+03  -1.6217613e-01
   3.3661984e+03  -1.7947769e-01
   3.3663939e+03  -1.6356468e-01
   3.3665894e+03  -1.6591072e-01
   3.3667849e+03  -1.7389107e-01
   3.3669804e+03  -1.6749001e-01
   3.3671760e+03  -1.6741753e-01
   3.3673715e+03  -1.6935539e-01
   3.3675670e+03  -1.5995216e-01
   3.3677625e+03  -1.6283035e-01
   3.3679580e+03  -1.5945244e-01
   3.3681535e+03  -1.6683197e-01
   3.3683490e+03  -1.5819740e-01
   3.3685445e+03  -1.6156578e-01
   3.3687400e+03  -1.6061020e-01
   3.3689355e+03  -1.6124344e-01
   3.3691310e+03  -1.6708755e-01
   3.3693265e+03  -1.6498756e-01
   3.3695220e+03  -1.6331673e-01
   3.3697175e+03  -1.6498566e-01
   3.3699130e+03  -1.6545296e-01
   3.3701085e+03  -1.6502190e-01
   3.3703040e+03  -1.6211128e-01
   3.3704995e+03  -1.6501236e-01
   3.3706950e+03  -1.5939522e-01
   3.3708905e+03  -1.6112709e-01
   3.3710860e+03  -1.6501808e-01
   3.3712815e+03  -1.6697884e-01
   3.3714770e+03  -1.5922546e-01
   3.3716725e+03  -1.5602493e-01
   3.3718680e+03  -1.5389633e-01
   3.3720635e+03  -1.5778732e-01
   3.3722590e+03  -1.6036034e-01
   3.3724545e+03  -1.5687370e-01
   3.3726500e+03  -1.5917015e-01
   3.3728456e+03  -1.6082382e-01
   3.3730411e+03  -1.5607071e-01
   3.3732366e+03  -1.6289330e-01
   3.3734321e+03  -1.6089249e-01
   3.3736276e+03  -1.4986992e-01
   3.3738231e+03  -1.5807533e-01
   3.3740186e+03  -1.5729141e-01
   3.3742141e+03  -1.6272163e-01
   3.3744096e+03  -1.5544319e-01
   3.3746051e+03  -1.6159821e-01
   3.3748006e+03  -1.6100693e-01
   3.3749961e+03  -1.6218567e-01
   3.3751916e+03  -1.6226768e-01
   3.3753871e+03  -1.5542603e-01
   3.3755826e+03  -1.5350533e-01
   3.3757781e+03  -1.6114235e-01
   3.3759736e+03  -1.6504669e-01
   3.3761691e+03  -1.5614319e-01
   3.3763646e+03  -1.5925217e-01
   3.3765601e+03  -1.6251564e-01
   3.3767556e+03  -1.5429688e-01
   3.3769511e+03  -1.6500473e-01
   3.3771466e+03  -1.5097809e-01
   3.3773421e+03  -1.6448021e-01
   3.3775376e+03  -1.6162491e-01
   3.3777331e+03  -1.6264534e-01
   3.3779286e+03  -1.6292763e-01
   3.3781241e+03  -1.5850639e-01
   3.3783196e+03  -1.6343880e-01
   3.3785152e+03  -1.5446472e-01
   3.3787107e+03  -1.5110588e-01
   3.3789062e+03  -1.5775490e-01
   3.3791017e+03  -1.6109848e-01
   3.3792972e+03  -1.4644814e-01
   3.3794927e+03  -1.6366196e-01
   3.3796882e+03  -1.5763855e-01
   3.3798837e+03  -1.5267181e-01
   3.3800792e+03  -1.5918732e-01
   3.3802747e+03  -1.5829468e-01
   3.3804702e+03  -1.5737343e-01
   3.3806657e+03  -1.5737724e-01
   3.3808612e+03  -1.5670586e-01
   3.3810567e+03  -1.5676689e-01
   3.3812522e+03  -1.6650772e-01
   3.3814477e+03  -1.5999413e-01
   3.3816432e+03  -1.5391731e-01
   3.3818387e+03  -1.5149307e-01
   3.3820342e+03  -1.5489388e-01
   3.3822297e+03  -1.5338135e-01
   3.3824252e+03  -1.6071320e-01
   3.3826207e+03  -1.5296173e-01
   3.3828162e+03  -1.5180779e-01
   3.3830117e+03  -1.5258217e-01
   3.3832072e+03  -1.5814209e-01
   3.3834027e+03  -1.6113853e-01
   3.3835982e+03  -1.5991974e-01
   3.3837937e+03  -1.6457748e-01
   3.3839892e+03  -1.5692139e-01
   3.3841848e+03  -1.5523911e-01
   3.3843803e+03  -1.5554619e-01
   3.3845758e+03  -1.5799141e-01
   3.3847713e+03  -1.5616989e-01
   3.3849668e+03  -1.5917206e-01
   3.3851623e+03  -1.4744759e-01
   3.3853578e+03  -1.6058922e-01
   3.3855533e+03  -1.6002846e-01
   3.3857488e+03  -1.4987755e-01
   3.3859443e+03  -1.5656471e-01
   3.3861398e+03  -1.5710449e-01
   3.3863353e+03  -1.5955925e-01
   3.3865308e+03  -1.5249252e-01
   3.3867263e+03  -1.6635132e-01
   3.3869218e+03  -1.5969849e-01
   3.3871173e+03  -1.4643288e-01
   3.3873128e+03  -1.5996742e-01
   3.3875083e+03  -1.5311432e-01
   3.3877038e+03  -1.5447617e-01
   3.3878993e+03  -1.5135574e-01
   3.3880948e+03  -1.5414047e-01
   3.3882903e+03  -1.5399361e-01
   3.3884858e+03  -1.5466309e-01
   3.3886813e+03  -1.5597153e-01
   3.3888768e+03  -1.5296555e-01
   3.3890723e+03  -1.4981651e-01
   3.3892678e+03  -1.6078377e-01
   3.3894633e+03  -1.5076447e-01
   3.3896588e+03  -1.5633583e-01
   3.3898543e+03  -1.5083694e-01
   3.3900499e+03  -1.5745544e-01
   3.3902454e+03  -1.4941978e-01
   3.3904409e+03  -1.6248894e-01
   3.3906364e+03  -1.5117264e-01
   3.3908319e+03  -1.5835762e-01
   3.3910274e+03  -1.5460205e-01
   3.3912229e+03  -1.5785789e-01
   3.3914184e+03  -1.5609932e-01
   3.3916139e+03  -1.5539932e-01
   3.3918094e+03  -1.5751648e-01
   3.3920049e+03  -1.5235519e-01
   3.3922004e+03  -1.6249084e-01
   3.3923959e+03  -1.5481377e-01
   3.3925914e+03  -1.5731621e-01
   3.3927869e+03  -1.5622520e-01
   3.3929824e+03  -1.6264915e-01
   3.3931779e+03  -1.5975380e-01
   3.3933734e+03  -1.5070343e-01
   3.3935689e+03  -1.5688515e-01
   3.3937644e+03  -1.5591431e-01
   3.3939599e+03  -1.6626358e-01
   3.3941554e+03  -1.4985085e-01
   3.3943509e+03  -1.4910126e-01
   3.3945464e+03  -1.5922165e-01
   3.3947419e+03  -1.4850044e-01
   3.3949374e+03  -1.5283775e-01
   3.3951329e+03  -1.4546776e-01
   3.3953284e+03  -1.5713882e-01
   3.3955239e+03  -1.4821815e-01
   3.3957195e+03  -1.4961433e-01
   3.3959150e+03  -1.5341949e-01
   3.3961105e+03  -1.5467453e-01
   3.3963060e+03  -1.4671516e-01
   3.3965015e+03  -1.5440750e-01
   3.3966970e+03  -1.5221024e-01
   3.3968925e+03  -1.5958977e-01
   3.3970880e+03  -1.5548897e-01
   3.3972835e+03  -1.5162849e-01
   3.3974790e+03  -1.4961243e-01
   3.3976745e+03  -1.5908432e-01
   3.3978700e+03  -1.6055870e-01
   3.3980655e+03  -1.5333366e-01
   3.3982610e+03  -1.5649986e-01
   3.3984565e+03  -1.5568542e-01
   3.3986520e+03  -1.5325737e-01
   3.3988475e+03  -1.6565895e-01
   3.3990430e+03  -1.4895821e-01
   3.3992385e+03  -1.5579796e-01
   3.3994340e+03  -1.5219879e-01
   3.3996295e+03  -1.5846062e-01
   3.3998250e+03  -1.5981102e-01
   3.4000205e+03  -1.5601540e-01
   3.4002160e+03  -1.5481186e-01
   3.4004115e+03  -1.4607811e-01
   3.4006070e+03  -1.5343285e-01
   3.4008025e+03  -1.5629196e-01
   3.4009980e+03  -1.6149712e-01
   3.4011935e+03  -1.5231895e-01
   3.4013891e+03  -1.5499306e-01
   3.4015846e+03  -1.5351486e-01
   3.4017801e+03  -1.5576935e-01
   3.4019756e+03  -1.6081619e-01
   3.4021711e+03  -1.5225601e-01
   3.4023666e+03  -1.4967346e-01
   3.4025621e+03  -1.5833473e-01
   3.4027576e+03  -1.5215492e-01
   3.4029531e+03  -1.4763260e-01
   3.4031486e+03  -1.5188789e-01
   3.4033441e+03  -1.5216446e-01
   3.4035396e+03  -1.4756393e-01
   3.4037351e+03  -1.6092682e-01
   3.4039306e+03  -1.5793610e-01
   3.4041261e+03  -1.5942192e-01
   3.4043216e+03  -1.5999031e-01
   3.4045171e+03  -1.5289497e-01
   3.4047126e+03  -1.5309143e-01
   3.4049081e+03  -1.5557098e-01
   3.4051036e+03  -1.4838028e-01
   3.4052991e+03  -1.5452766e-01
   3.4054946e+03  -1.5290833e-01
   3.4056901e+03  -1.4935493e-01
   3.4058856e+03  -1.5986061e-01
   3.4060811e+03  -1.5470123e-01
   3.4062766e+03  -1.5813828e-01
   3.4064721e+03  -1.5117264e-01
   3.4066676e+03  -1.5326691e-01
   3.4068631e+03  -1.5268135e-01
   3.4070587e+03  -1.4825821e-01
   3.4072542e+03  -1.4488411e-01
   3.4074497e+03  -1.5464020e-01
   3.4076452e+03  -1.5670204e-01
   3.4078407e+03  -1.5583611e-01
   3.4080362e+03  -1.4502335e-01
   3.4082317e+03  -1.5531349e-01
   3.4084272e+03  -1.4970589e-01
   3.4086227e+03  -1.5390778e-01
   3.4088182e+03  -1.5051460e-01
   3.4090137e+03  -1.5670776e-01
   3.4092092e+03  -1.5295982e-01
   3.4094047e+03  -1.5249062e-01
   3.4096002e+03  -1.4761925e-01
   3.4097957e+03  -1.4973259e-01
   3.4099912e+03  -1.5103722e-01
   3.4101867e+03  -1.5532684e-01
   3.4103822e+03  -1.4935303e-01
   3.4105777e+03  -1.6050911e-01
   3.4107732e+03  -1.5143204e-01
   3.4109687e+03  -1.5773773e-01
   3.4111642e+03  -1.4985085e-01
   3.4113597e+03  -1.5340996e-01
   3.4115552e+03  -1.4806747e-01
   3.4117507e+03  -1.5485001e-01
   3.4119462e+03  -1.4854622e-01
   3.4121417e+03  -1.5503120e-01
   3.4123372e+03  -1.5051460e-01
   3.4125327e+03  -1.4966011e-01
   3.4127283e+03  -1.5909195e-01
   3.4129238e+03  -1.4948273e-01
   3.4131193e+03  -1.5553284e-01
   3.4133148e+03  -1.5114594e-01
   3.4135103e+03  -1.5651512e-01
   3.4137058e+03  -1.5333366e-01
   3.4139013e+03  -1.4866447e-01
   3.4140968e+03  -1.4983177e-01
   3.4142923e+03  -1.4847374e-01
   3.4144878e+03  -1.6320419e-01
   3.4146833e+03  -1.4898109e-01
   3.4148788e+03  -1.5788651e-01
   3.4150743e+03  -1.5059662e-01
   3.4152698e+03  -1.4403915e-01
   3.4154653e+03  -1.5194321e-01
   3.4156608e+03  -1.5677643e-01
   3.4158563e+03  -1.5024185e-01
   3.4160518e+03  -1.5316200e-01
   3.4162473e+03  -1.5388107e-01
   3.4164428e+03  -1.5369987e-01
   3.4166383e+03  -1.5406799e-01
   3.4168338e+03  -1.5653992e-01
   3.4170293e+03  -1.5635872e-01
   3.4172248e+03  -1.5021324e-01
   3.4174203e+03  -1.5159416e-01
   3.4176158e+03  -1.5307236e-01
   3.4178113e+03  -1.4896774e-01
   3.4180068e+03  -1.5627289e-01
   3.4182023e+03  -1.5500069e-01
   3.4183978e+03  -1.5475273e-01
   3.4185934e+03  -1.5744781e-01
   3.4187889e+03  -1.5036774e-01
   3.4189844e+03  -1.4426231e-01
   3.4191799e+03  -1.5482712e-01
   3.4193754e+03  -1.4937782e-01
   3.4195709e+03  -1.5663719e-01
   3.4197664e+03  -1.4658356e-01
   3.4199619e+03  -1.5398026e-01
   3.4201574e+03  -1.5927315e-01
   3.4203529e+03  -1.5213203e-01
   3.4205484e+03  -1.4906120e-01
   3.4207439e+03  -1.5229225e-01
   3.4209394e+03  -1.5187263e-01
   3.4211349e+03  -1.5099525e-01
   3.4213304e+03  -1.5587425e-01
   3.4215259e+03  -1.5531731e-01
   3.4217214e+03  -1.4833069e-01
   3.4219169e+03  -1.5367889e-01
   3.4221124e+03  -1.6388702e-01
   3.4223079e+03  -1.5020370e-01
   3.4225034e+03  -1.4997673e-01
   3.4226989e+03  -1.5057564e-01
   3.4228944e+03  -1.5038490e-01
   3.4230899e+03  -1.5231705e-01
   3.4232854e+03  -1.5171051e-01
   3.4234809e+03  -1.4906502e-01
   3.4236764e+03  -1.5371704e-01
   3.4238719e+03  -1.5168571e-01
   3.4240674e+03  -1.4459991e-01
   3.4242630e+03  -1.5876389e-01
   3.4244585e+03  -1.5505600e-01
   3.4246540e+03  -1.5387154e-01
   3.4248495e+03  -1.5082169e-01
   3.4250450e+03  -1.5344620e-01
   3.4252405e+03  -1.5547562e-01
   3.4254360e+03  -1.5353775e-01
   3.4256315e+03  -1.5418434e-01
   3.4258270e+03  -1.5750885e-01
   3.4260225e+03  -1.5953064e-01
   3.4262180e+03  -1.4095116e-01
   3.4264135e+03  -1.4692116e-01
   3.4266090e+03  -1.5600014e-01
   3.4268045e+03  -1.5732384e-01
   3.4270000e+03  -1.4866447e-01
