   3.2270000e+03  -1.4598465e-01
   3.2271955e+03  -1.5390778e-01
   3.2273910e+03  -1.4696312e-01
   3.2275865e+03  -1.4821815e-01
   3.2277820e+03  -1.5084076e-01
   3.2279775e+03  -1.5492439e-01
   3.2281730e+03  -1.5397072e-01
   3.2283685e+03  -1.5740585e-01
   3.2285640e+03  -1.5845108e-01
   3.2287595e+03  -1.5431213e-01
   3.2289550e+03  -1.4686775e-01
   3.2291505e+03  -1.5451622e-01
   3.2293460e+03  -1.5540886e-01
   3.2295415e+03  -1.5157127e-01
   3.2297370e+03  -1.5172958e-01
   3.2299326e+03  -1.5835571e-01
   3.2301281e+03  -1.5482140e-01
   3.2303236e+03  -1.5414429e-01
   3.2305191e+03  -1.5318108e-01
   3.2307146e+03  -1.5735435e-01
   3.2309101e+03  -1.6627121e-01
   3.2311056e+03  -1.5280724e-01
   3.2313011e+03  -1.6024590e-01
   3.2314966e+03  -1.6103745e-01
   3.2316921e+03  -1.5511513e-01
   3.2318876e+03  -1.5027237e-01
   3.2320831e+03  -1.5217590e-01
   3.2322786e+03  -1.5369797e-01
   3.2324741e+03  -1.4476204e-01
   3.2326696e+03  -1.5316772e-01
   3.2328651e+03  -1.5842438e-01
   3.2330606e+03  -1.5968704e-01
   3.2332561e+03  -1.5487099e-01
   3.2334516e+03  -1.5623474e-01
   3.2336471e+03  -1.5020561e-01
   3.2338426e+03  -1.5165138e-01
   3.2340381e+03  -1.5247345e-01
   3.2342336e+03  -1.5017891e-01
   3.2344291e+03  -1.6032600e-01
   3.2346246e+03  -1.4142227e-01
   3.2348201e+03  -1.4456940e-01
   3.2350156e+03  -1.5245819e-01
   3.2352111e+03  -1.5130806e-01
   3.2354066e+03  -1.5486526e-01
   3.2356022e+03  -1.4869881e-01
   3.2357977e+03  -1.5448380e-01
   3.2359932e+03  -1.4840126e-01
   3.2361887e+03  -1.5233421e-01
   3.2363842e+03  -1.5513992e-01
   3.2365797e+03  -1.5887451e-01
   3.2367752e+03  -1.5480423e-01
   3.2369707e+03  -1.6029930e-01
   3.2371662e+03  -1.5873146e-01
   3.2373617e+03  -1.5401840e-01
   3.2375572e+03  -1.5343285e-01
   3.2377527e+03  -1.5944672e-01
   3.2379482e+03  -1.4898109e-01
   3.2381437e+03  -1.5715599e-01
   3.2383392e+03  -1.5572929e-01
   3.2385347e+03  -1.5327454e-01
   3.2387302e+03  -1.5620613e-01
   3.2389257e+03  -1.5267563e-01
   3.2391212e+03  -1.5087891e-01
   3.2393167e+03  -1.5388870e-01
   3.2395122e+03  -1.5452766e-01
   3.2397077e+03  -1.6198921e-01
   3.2399032e+03  -1.5609741e-01
   3.2400987e+03  -1.5642929e-01
   3.2402942e+03  -1.6174316e-01
   3.2404897e+03  -1.5929222e-01
   3.2406852e+03  -1.6639709e-01
   3.2408807e+03  -1.5194511e-01
   3.2410762e+03  -1.5758896e-01
   3.2412717e+03  -1.5676880e-01
   3.2414673e+03  -1.6191101e-01
   3.2416628e+03  -1.5367889e-01
   3.2418583e+03  -1.5257645e-01
   3.2420538e+03  -1.4966965e-01
   3.2422493e+03  -1.5404892e-01
   3.2424448e+03  -1.5883064e-01
   3.2426403e+03  -1.6206169e-01
   3.2428358e+03  -1.4928246e-01
   3.2430313e+03  -1.5220642e-01
   3.2432268e+03  -1.5800476e-01
   3.2434223e+03  -1.5222549e-01
   3.2436178e+03  -1.4624405e-01
   3.2438133e+03  -1.5283966e-01
   3.2440088e+03  -1.5081978e-01
   3.2442043e+03  -1.6594505e-01
   3.2443998e+03  -1.5645027e-01
   3.2445953e+03  -1.5760231e-01
   3.2447908e+03  -1.5908241e-01
   3.2449863e+03  -1.5228844e-01
   3.2451818e+03  -1.4933586e-01
   3.2453773e+03  -1.5492630e-01
   3.2455728e+03  -1.5140343e-01
   3.2457683e+03  -1.4944649e-01
   3.2459638e+03  -1.5161896e-01
   3.2461593e+03  -1.5754318e-01
   3.2463548e+03  -1.6076851e-01
   3.2465503e+03  -1.5281105e-01
   3.2467458e+03  -1.5113258e-01
   3.2469413e+03  -1.4925385e-01
   3.2471369e+03  -1.5954590e-01
   3.2473324e+03  -1.5643883e-01
   3.2475279e+03  -1.6034126e-01
   3.2477234e+03  -1.5793610e-01
   3.2479189e+03  -1.5857887e-01
   3.2481144e+03  -1.5276718e-01
   3.2483099e+03  -1.5090370e-01
   3.2485054e+03  -1.5110397e-01
   3.2487009e+03  -1.5400887e-01
   3.2488964e+03  -1.5799141e-01
   3.2490919e+03  -1.5570068e-01
   3.2492874e+03  -1.4984131e-01
   3.2494829e+03  -1.5525627e-01
   3.2496784e+03  -1.6192436e-01
   3.2498739e+03  -1.5243721e-01
   3.2500694e+03  -1.5257072e-01
   3.2502649e+03  -1.5509415e-01
   3.2504604e+03  -1.5291405e-01
   3.2506559e+03  -1.4909935e-01
   3.2508514e+03  -1.4727974e-01
   3.2510469e+03  -1.5881729e-01
   3.2512424e+03  -1.5456390e-01
   3.2514379e+03  -1.5016174e-01
   3.2516334e+03  -1.6004181e-01
   3.2518289e+03  -1.5244484e-01
   3.2520244e+03  -1.6472435e-01
   3.2522199e+03  -1.6069412e-01
   3.2524154e+03  -1.5277672e-01
   3.2526109e+03  -1.5236092e-01
   3.2528065e+03  -1.5398216e-01
   3.2530020e+03  -1.5415573e-01
   3.2531975e+03  -1.6028595e-01
   3.2533930e+03  -1.4936638e-01
   3.2535885e+03  -1.5835190e-01
   3.2537840e+03  -1.5326691e-01
   3.2539795e+03  -1.6323471e-01
   3.2541750e+03  -1.5653419e-01
   3.2543705e+03  -1.5381050e-01
   3.2545660e+03  -1.5112305e-01
   3.2547615e+03  -1.5520668e-01
   3.2549570e+03  -1.5335083e-01
   3.2551525e+03  -1.4977837e-01
   3.2553480e+03  -1.5413857e-01
   3.2555435e+03  -1.5396881e-01
   3.2557390e+03  -1.6653824e-01
   3.2559345e+03  -1.5664864e-01
   3.2561300e+03  -1.4801216e-01
   3.2563255e+03  -1.5774918e-01
   3.2565210e+03  -1.5330505e-01
   3.2567165e+03  -1.5505791e-01
   3.2569120e+03  -1.5260506e-01
   3.2571075e+03  -1.5330696e-01
   3.2573030e+03  -1.5254402e-01
   3.2574985e+03  -1.6151047e-01
   3.2576940e+03  -1.5406227e-01
   3.2578895e+03  -1.5967560e-01
   3.2580850e+03  -1.4644814e-01
   3.2582805e+03  -1.6101837e-01
   3.2584761e+03  -1.5367508e-01
   3.2586716e+03  -1.5746307e-01
   3.2588671e+03  -1.5602684e-01
   3.2590626e+03  -1.5626907e-01
   3.2592581e+03  -1.5217018e-01
   3.2594536e+03  -1.5777588e-01
   3.2596491e+03  -1.5838242e-01
   3.2598446e+03  -1.5276337e-01
   3.2600401e+03  -1.5719223e-01
   3.2602356e+03  -1.5410233e-01
   3.2604311e+03  -1.5431595e-01
   3.2606266e+03  -1.5817070e-01
   3.2608221e+03  -1.5541840e-01
   3.2610176e+03  -1.5302849e-01
   3.2612131e+03  -1.5200424e-01
   3.2614086e+03  -1.4768410e-01
   3.2616041e+03  -1.5024757e-01
   3.2617996e+03  -1.5768623e-01
   3.2619951e+03  -1.5282059e-01
   3.2621906e+03  -1.5028000e-01
   3.2623861e+03  -1.5528488e-01
   3.2625816e+03  -1.6259193e-01
   3.2627771e+03  -1.4904785e-01
   3.2629726e+03  -1.5232849e-01
   3.2631681e+03  -1.5755463e-01
   3.2633636e+03  -1.5109634e-01
   3.2635591e+03  -1.6057587e-01
   3.2637546e+03  -1.5723991e-01
   3.2639501e+03  -1.5165710e-01
   3.2641457e+03  -1.5479660e-01
   3.2643412e+03  -1.4700890e-01
   3.2645367e+03  -1.5342140e-01
   3.2647322e+03  -1.5038872e-01
   3.2649277e+03  -1.4936256e-01
   3.2651232e+03  -1.4789581e-01
   3.2653187e+03  -1.4877129e-01
   3.2655142e+03  -1.5004921e-01
   3.2657097e+03  -1.5341187e-01
   3.2659052e+03  -1.5087891e-01
   3.2661007e+03  -1.5380859e-01
   3.2662962e+03  -1.5266609e-01
   3.2664917e+03  -1.5922737e-01
   3.2666872e+03  -1.5327072e-01
   3.2668827e+03  -1.4919281e-01
   3.2670782e+03  -1.4855766e-01
   3.2672737e+03  -1.5709877e-01
   3.2674692e+03  -1.5189552e-01
   3.2676647e+03  -1.5505981e-01
   3.2678602e+03  -1.5070534e-01
   3.2680557e+03  -1.5237236e-01
   3.2682512e+03  -1.6129875e-01
   3.2684467e+03  -1.5836906e-01
   3.2686422e+03  -1.5049744e-01
   3.2688377e+03  -1.5329361e-01
   3.2690332e+03  -1.4942169e-01
   3.2692287e+03  -1.4999199e-01
   3.2694242e+03  -1.5395164e-01
   3.2696197e+03  -1.4692688e-01
   3.2698152e+03  -1.4871597e-01
   3.2700108e+03  -1.5210724e-01
   3.2702063e+03  -1.5304375e-01
   3.2704018e+03  -1.5817070e-01
   3.2705973e+03  -1.4951706e-01
   3.2707928e+03  -1.5054512e-01
   3.2709883e+03  -1.5149307e-01
   3.2711838e+03  -1.5453720e-01
   3.2713793e+03  -1.5373421e-01
   3.2715748e+03  -1.5775490e-01
   3.2717703e+03  -1.5643501e-01
   3.2719658e+03  -1.4249420e-01
   3.2721613e+03  -1.4823914e-01
   3.2723568e+03  -1.5618134e-01
   3.2725523e+03  -1.5225029e-01
   3.2727478e+03  -1.5050507e-01
   3.2729433e+03  -1.4823341e-01
   3.2731388e+03  -1.5102577e-01
   3.2733343e+03  -1.5233040e-01
   3.2735298e+03  -1.4733124e-01
   3.2737253e+03  -1.4533043e-01
   3.2739208e+03  -1.4908600e-01
   3.2741163e+03  -1.5174675e-01
   3.2743118e+03  -1.5295029e-01
   3.2745073e+03  -1.4803505e-01
   3.2747028e+03  -1.4894676e-01
   3.2748983e+03  -1.5066147e-01
   3.2750938e+03  -1.5126991e-01
   3.2752893e+03  -1.4622498e-01
   3.2754848e+03  -1.5487480e-01
   3.2756804e+03  -1.5022469e-01
   3.2758759e+03  -1.4928055e-01
   3.2760714e+03  -1.5209770e-01
   3.2762669e+03  -1.4430618e-01
   3.2764624e+03  -1.4717102e-01
   3.2766579e+03  -1.4732361e-01
   3.2768534e+03  -1.4406204e-01
   3.2770489e+03  -1.4174843e-01
   3.2772444e+03  -1.5258980e-01
   3.2774399e+03  -1.3770485e-01
   3.2776354e+03  -1.5824318e-01
   3.2778309e+03  -1.4990044e-01
   3.2780264e+03  -1.4849281e-01
   3.2782219e+03  -1.5123749e-01
   3.2784174e+03  -1.5386200e-01
   3.2786129e+03  -1.4302063e-01
   3.2788084e+03  -1.4750481e-01
   3.2790039e+03  -1.4242744e-01
   3.2791994e+03  -1.4388084e-01
   3.2793949e+03  -1.4517212e-01
   3.2795904e+03  -1.4464951e-01
   3.2797859e+03  -1.4717102e-01
   3.2799814e+03  -1.4075089e-01
   3.2801769e+03  -1.3690186e-01
   3.2803724e+03  -1.3623428e-01
   3.2805679e+03  -1.3802719e-01
   3.2807634e+03  -1.3820839e-01
   3.2809589e+03  -1.4331436e-01
   3.2811544e+03  -1.4213371e-01
   3.2813500e+03  -1.4103699e-01
   3.2815455e+03  -1.4415169e-01
   3.2817410e+03  -1.3680267e-01
   3.2819365e+03  -1.3523293e-01
   3.2821320e+03  -1.5090942e-01
   3.2823275e+03  -1.3911438e-01
   3.2825230e+03  -1.3353348e-01
   3.2827185e+03  -1.3588905e-01
   3.2829140e+03  -1.3764000e-01
   3.2831095e+03  -1.3766479e-01
   3.2833050e+03  -1.3557625e-01
   3.2835005e+03  -1.3868713e-01
   3.2836960e+03  -1.3782120e-01
   3.2838915e+03  -1.4220047e-01
   3.2840870e+03  -1.3823318e-01
   3.2842825e+03  -1.3449097e-01
   3.2844780e+03  -1.3584328e-01
   3.2846735e+03  -1.3469696e-01
   3.2848690e+03  -1.3208389e-01
   3.2850645e+03  -1.2895966e-01
   3.2852600e+03  -1.3183975e-01
   3.2854555e+03  -1.3207436e-01
   3.2856510e+03  -1.2888336e-01
   3.2858465e+03  -1.2578583e-01
   3.2860420e+03  -1.2869453e-01
   3.2862375e+03  -1.3091660e-01
   3.2864330e+03  -1.2557411e-01
   3.2866285e+03  -1.2165451e-01
   3.2868240e+03  -1.2513351e-01
   3.2870196e+03  -1.2226868e-01
   3.2872151e+03  -1.2577057e-01
   3.2874106e+03  -1.1540604e-01
   3.2876061e+03  -1.2022018e-01
   3.2878016e+03  -1.1611557e-01
   3.2879971e+03  -1.1790657e-01
   3.2881926e+03  -1.1786461e-01
   3.2883881e+03  -1.1495018e-01
   3.2885836e+03  -1.1279869e-01
   3.2887791e+03  -1.1769485e-01
   3.2889746e+03  -1.1519241e-01
   3.2891701e+03  -1.1227608e-01
   3.2893656e+03  -1.0665131e-01
   3.2895611e+03  -1.0098839e-01
   3.2897566e+03  -9.8117828e-02
   3.2899521e+03  -1.0718346e-01
   3.2901476e+03  -9.6633911e-02
   3.2903431e+03  -9.9756241e-02
   3.2905386e+03  -9.7431183e-02
   3.2907341e+03  -9.5886230e-02
   3.2909296e+03  -9.3055725e-02
   3.2911251e+03  -9.4001770e-02
   3.2913206e+03  -9.0589523e-02
   3.2915161e+03  -8.7635040e-02
   3.2917116e+03  -8.4138870e-02
   3.2919071e+03  -7.9746246e-02
   3.2921026e+03  -7.7322006e-02
   3.2922981e+03  -7.5868607e-02
   3.2924936e+03  -7.7419281e-02
   3.2926891e+03  -6.4422607e-02
   3.2928847e+03  -6.6215515e-02
   3.2930802e+03  -6.8412781e-02
   3.2932757e+03  -6.1477661e-02
   3.2934712e+03  -6.0710907e-02
   3.2936667e+03  -5.5200577e-02
   3.2938622e+03  -5.1740646e-02
   3.2940577e+03  -4.7212601e-02
   3.2942532e+03  -4.5564651e-02
   3.2944487e+03  -3.9861679e-02
   3.2946442e+03  -4.2808533e-02
   3.2948397e+03  -3.6182404e-02
   3.2950352e+03  -3.7284851e-02
   3.2952307e+03  -3.0826569e-02
   3.2954262e+03  -1.6130447e-02
   3.2956217e+03  -2.4299622e-02
   3.2958172e+03  -1.3145447e-02
   3.2960127e+03  -1.1066437e-02
   3.2962082e+03  -3.2901764e-03
   3.2964037e+03   2.9869080e-03
   3.2965992e+03   1.3042450e-02
   3.2967947e+03   7.3852539e-03
   3.2969902e+03   2.7082443e-02
   3.2971857e+03   2.8657913e-02
   3.2973812e+03   3.4749985e-02
   3.2975767e+03   3.9203644e-02
   3.2977722e+03   5.9299469e-02
   3.2979677e+03   6.4443588e-02
   3.2981632e+03   7.2587967e-02
   3.2983587e+03   7.8384399e-02
   3.2985543e+03   8.7808609e-02
   3.2987498e+03   1.0536194e-01
   3.2989453e+03   1.2029076e-01
   3.2991408e+03   1.3134193e-01
   3.2993363e+03   1.3822365e-01
   3.2995318e+03   1.5589333e-01
   3.2997273e+03   1.7779160e-01
   3.2999228e+03   2.0145988e-01
   3.3001183e+03   2.2275734e-01
   3.3003138e+03   2.4442673e-01
   3.3005093e+03   2.8176498e-01
   3.3007048e+03   3.0791283e-01
   3.3009003e+03   3.4293938e-01
   3.3010958e+03   3.8512039e-01
   3.3012913e+03   4.2554092e-01
   3.3014868e+03   4.7901344e-01
   3.3016823e+03   5.2226639e-01
   3.3018778e+03   5.9150696e-01
   3.3020733e+03   6.5894318e-01
   3.3022688e+03   7.4088478e-01
   3.3024643e+03   8.0272484e-01
   3.3026598e+03   8.6272049e-01
   3.3028553e+03   8.9204979e-01
   3.3030508e+03   8.4520149e-01
   3.3032463e+03   7.1869659e-01
   3.3034418e+03   5.0099945e-01
   3.3036373e+03   2.1384048e-01
   3.3038328e+03  -1.0373116e-01
   3.3040283e+03  -4.3662453e-01
   3.3042239e+03  -6.9640350e-01
   3.3044194e+03  -8.9370537e-01
   3.3046149e+03  -1.0129738e+00
   3.3048104e+03  -1.0744820e+00
   3.3050059e+03  -1.0715637e+00
   3.3052014e+03  -1.0478420e+00
   3.3053969e+03  -9.9788857e-01
   3.3055924e+03  -9.4190025e-01
   3.3057879e+03  -8.7416077e-01
   3.3059834e+03  -8.2921791e-01
   3.3061789e+03  -7.6815224e-01
   3.3063744e+03  -7.2701645e-01
   3.3065699e+03  -6.8406487e-01
   3.3067654e+03  -6.4681816e-01
   3.3069609e+03  -6.0922432e-01
   3.3071564e+03  -5.7905197e-01
   3.3073519e+03  -5.5077553e-01
   3.3075474e+03  -5.2647591e-01
   3.3077429e+03  -4.8445702e-01
   3.3079384e+03  -4.6666908e-01
   3.3081339e+03  -4.5067978e-01
   3.3083294e+03  -4.2692375e-01
   3.3085249e+03  -4.2962646e-01
   3.3087204e+03  -4.0693283e-01
   3.3089159e+03  -3.8764763e-01
   3.3091114e+03  -3.7409210e-01
   3.3093069e+03  -3.6512947e-01
   3.3095024e+03  -3.4885216e-01
   3.3096979e+03  -3.3224106e-01
   3.3098935e+03  -3.1739998e-01
   3.3100890e+03  -2.9373360e-01
   3.3102845e+03  -2.8076172e-01
   3.3104800e+03  -2.5082970e-01
   3.3106755e+03  -2.4089622e-01
   3.3108710e+03  -2.2867393e-01
   3.3110665e+03  -2.0903778e-01
   3.3112620e+03  -1.8603134e-01
   3.3114575e+03  -1.7116737e-01
   3.3116530e+03  -1.4928436e-01
   3.3118485e+03  -1.4630890e-01
   3.3120440e+03  -1.3005066e-01
   3.3122395e+03  -1.0602379e-01
   3.3124350e+03  -8.7656021e-02
   3.3126305e+03  -7.3034286e-02
   3.3128260e+03  -5.0430298e-02
   3.3130215e+03  -3.1570435e-02
   3.3132170e+03  -1.5628815e-02
   3.3134125e+03   9.6530914e-03
   3.3136080e+03   2.5722504e-02
   3.3138035e+03   5.5728912e-02
   3.3139990e+03   7.8853607e-02
   3.3141945e+03   1.0498238e-01
   3.3143900e+03   1.2292862e-01
   3.3145855e+03   1.4329147e-01
   3.3147810e+03   1.6167831e-01
   3.3149765e+03   1.8577385e-01
   3.3151720e+03   2.1294975e-01
   3.3153675e+03   2.4228668e-01
   3.3155630e+03   2.8227043e-01
   3.3157586e+03   3.1749725e-01
   3.3159541e+03   3.7178612e-01
   3.3161496e+03   4.0040970e-01
   3.3163451e+03   4.5051765e-01
   3.3165406e+03   5.0113297e-01
   3.3167361e+03   5.5190086e-01
   3.3169316e+03   6.0694504e-01
   3.3171271e+03   6.7264748e-01
   3.3173226e+03   7.5724030e-01
   3.3175181e+03   8.2535172e-01
   3.3177136e+03   9.1156578e-01
   3.3179091e+03   1.0008068e+00
   3.3181046e+03   1.1040821e+00
   3.3183001e+03   1.1870899e+00
   3.3184956e+03   1.2502689e+00
   3.3186911e+03   1.2815304e+00
   3.3188866e+03   1.2374821e+00
   3.3190821e+03   1.0806389e+00
   3.3192776e+03   8.1540680e-01
   3.3194731e+03   4.4065857e-01
   3.3196686e+03   4.4784546e-03
   3.3198641e+03  -4.5795822e-01
   3.3200596e+03  -8.8422394e-01
   3.3202551e+03  -1.2211304e+00
   3.3204506e+03  -1.4345551e+00
   3.3206461e+03  -1.5394878e+00
   3.3208416e+03  -1.5708218e+00
   3.3210371e+03  -1.5092564e+00
   3.3212326e+03  -1.4193821e+00
   3.3214282e+03  -1.3270397e+00
   3.3216237e+03  -1.2262955e+00
   3.3218192e+03  -1.1267834e+00
   3.3220147e+03  -1.0350494e+00
   3.3222102e+03  -9.6140480e-01
   3.3224057e+03  -8.8517761e-01
   3.3226012e+03  -8.2800102e-01
   3.3227967e+03  -7.6903534e-01
   3.3229922e+03  -7.1812630e-01
   3.3231877e+03  -6.6410255e-01
   3.3233832e+03  -6.1637878e-01
   3.3235787e+03  -5.8097458e-01
   3.3237742e+03  -5.4370499e-01
   3.3239697e+03  -5.1376534e-01
   3.3241652e+03  -4.7950363e-01
   3.3243607e+03  -4.4939041e-01
   3.3245562e+03  -4.3879890e-01
   3.3247517e+03  -4.0608788e-01
   3.3249472e+03  -3.7870979e-01
   3.3251427e+03  -3.5945511e-01
   3.3253382e+03  -3.3376122e-01
   3.3255337e+03  -3.2501984e-01
   3.3257292e+03  -2.9269981e-01
   3.3259247e+03  -2.7864265e-01
   3.3261202e+03  -2.6129341e-01
   3.3263157e+03  -2.4792480e-01
   3.3265112e+03  -2.2616577e-01
   3.3267067e+03  -2.1116829e-01
   3.3269022e+03  -2.0478821e-01
   3.3270978e+03  -1.8682861e-01
   3.3272933e+03  -1.6758537e-01
   3.3274888e+03  -1.5728760e-01
   3.3276843e+03  -1.4043236e-01
   3.3278798e+03  -1.2681007e-01
   3.3280753e+03  -1.2916946e-01
   3.3282708e+03  -1.1772537e-01
   3.3284663e+03  -1.1867714e-01
   3.3286618e+03  -1.0945320e-01
   3.3288573e+03  -9.0312958e-02
   3.3290528e+03  -9.2948914e-02
   3.3292483e+03  -7.8218460e-02
   3.3294438e+03  -6.9580078e-02
   3.3296393e+03  -6.8021774e-02
   3.3298348e+03  -6.1418533e-02
   3.3300303e+03  -6.2459946e-02
   3.3302258e+03  -5.4430008e-02
   3.3304213e+03  -4.2905807e-02
   3.3306168e+03  -4.4708252e-02
   3.3308123e+03  -4.4919968e-02
   3.3310078e+03  -4.2343140e-02
   3.3312033e+03  -2.9666901e-02
   3.3313988e+03  -2.2901535e-02
   3.3315943e+03  -1.2029648e-02
   3.3317898e+03  -1.9130707e-03
   3.3319853e+03   1.2664795e-03
   3.3321808e+03   1.3019562e-02
   3.3323763e+03   1.8762589e-02
   3.3325718e+03   3.8585663e-02
   3.3327674e+03   2.9199600e-02
   3.3329629e+03   3.1791687e-02
   3.3331584e+03   4.0468216e-02
   3.3333539e+03   4.3760300e-02
   3.3335494e+03   4.1875839e-02
   3.3337449e+03   4.1858673e-02
   3.3339404e+03   5.4615021e-02
   3.3341359e+03   5.4895401e-02
   3.3343314e+03   7.3501587e-02
   3.3345269e+03   9.2311859e-02
   3.3347224e+03   1.1739349e-01
   3.3349179e+03   1.2685204e-01
   3.3351134e+03   1.1890411e-01
   3.3353089e+03   6.6801071e-02
   3.3355044e+03  -2.8869629e-02
   3.3356999e+03  -1.7049217e-01
   3.3358954e+03  -3.1923485e-01
   3.3360909e+03  -4.6228027e-01
   3.3362864e+03  -5.6712723e-01
   3.3364819e+03  -6.2917519e-01
   3.3366774e+03  -6.4678383e-01
   3.3368729e+03  -6.2791634e-01
   3.3370684e+03  -6.0237503e-01
   3.3372639e+03  -5.5176163e-01
   3.3374594e+03  -5.2509880e-01
   3.3376549e+03  -4.9995995e-01
   3.3378504e+03  -4.6854782e-01
   3.3380459e+03  -4.6131134e-01
   3.3382414e+03  -4.4786263e-01
   3.3384370e+03  -4.3636322e-01
   3.3386325e+03  -4.2017937e-01
   3.3388280e+03  -4.1531563e-01
   3.3390235e+03  -4.0892029e-01
   3.3392190e+03  -3.9793205e-01
   3.3394145e+03  -3.8158226e-01
   3.3396100e+03  -3.7124825e-01
   3.3398055e+03  -3.7237549e-01
   3.3400010e+03  -3.4785843e-01
   3.3401965e+03  -3.4218788e-01
   3.3403920e+03  -3.2884407e-01
   3.3405875e+03  -3.2567215e-01
   3.3407830e+03  -3.1997490e-01
   3.3409785e+03  -3.1626320e-01
   3.3411740e+03  -3.1823349e-01
   3.3413695e+03  -2.9661369e-01
   3.3415650e+03  -2.9613686e-01
   3.3417605e+03  -2.9266548e-01
   3.3419560e+03  -2.8950119e-01
   3.3421515e+03  -2.8557587e-01
   3.3423470e+03  -2.8024292e-01
   3.3425425e+03  -2.6578331e-01
   3.3427380e+03  -2.7223778e-01
   3.3429335e+03  -2.6830673e-01
   3.3431290e+03  -2.6236534e-01
   3.3433245e+03  -2.5491524e-01
   3.3435200e+03  -2.5508308e-01
   3.3437155e+03  -2.5818062e-01
   3.3439110e+03  -2.4825478e-01
   3.3441065e+03  -2.4062538e-01
   3.3443021e+03  -2.4635887e-01
   3.3444976e+03  -2.5087738e-01
   3.3446931e+03  -2.3903465e-01
   3.3448886e+03  -2.3912430e-01
   3.3450841e+03  -2.3304367e-01
   3.3452796e+03  -2.4279785e-01
   3.3454751e+03  -2.2902107e-01
   3.3456706e+03  -2.3306274e-01
   3.3458661e+03  -2.2896767e-01
   3.3460616e+03  -2.3602104e-01
   3.3462571e+03  -2.2644424e-01
   3.3464526e+03  -2.2321892e-01
   3.3466481e+03  -2.3249054e-01
   3.3468436e+03  -2.3286057e-01
   3.3470391e+03  -2.2681427e-01
   3.3472346e+03  -2.1812439e-01
   3.3474301e+03  -2.2538567e-01
   3.3476256e+03  -2.2889900e-01
   3.3478211e+03  -2.2488022e-01
   3.3480166e+03  -2.2970772e-01
   3.3482121e+03  -2.1702003e-01
   3.3484076e+03  -2.1765137e-01
   3.3486031e+03  -2.2090530e-01
   3.3487986e+03  -2.1824837e-01
   3.3489941e+03  -2.2156334e-01
   3.3491896e+03  -2.2005081e-01
   3.3493851e+03  -2.1114540e-01
   3.3495806e+03  -2.1487999e-01
   3.3497761e+03  -2.1593857e-01
   3.3499717e+03  -2.1616364e-01
   3.3501672e+03  -2.1170998e-01
   3.3503627e+03  -2.1582603e-01
   3.3505582e+03  -2.0903397e-01
   3.3507537e+03  -2.0471001e-01
   3.3509492e+03  -2.1208954e-01
   3.3511447e+03  -2.1575546e-01
   3.3513402e+03  -2.1582413e-01
   3.3515357e+03  -2.0933533e-01
   3.3517312e+03  -2.1153641e-01
   3.3519267e+03  -2.0613289e-01
   3.3521222e+03  -2.1467972e-01
   3.3523177e+03  -2.1025085e-01
   3.3525132e+03  -2.0152092e-01
   3.3527087e+03  -2.0356941e-01
   3.3529042e+03  -2.0413017e-01
   3.3530997e+03  -2.0927048e-01
   3.3532952e+03  -2.1312904e-01
   3.3534907e+03  -2.0823479e-01
   3.3536862e+03  -2.0521927e-01
   3.3538817e+03  -2.0816994e-01
   3.3540772e+03  -1.9915962e-01
   3.3542727e+03  -2.0279694e-01
   3.3544682e+03  -1.9309044e-01
   3.3546637e+03  -1.9820023e-01
   3.3548592e+03  -1.9919968e-01
   3.3550547e+03  -1.9740868e-01
   3.3552502e+03  -2.0589638e-01
   3.3554457e+03  -1.9370461e-01
   3.3556413e+03  -1.9558907e-01
   3.3558368e+03  -2.0076942e-01
   3.3560323e+03  -1.9467354e-01
   3.3562278e+03  -1.9353676e-01
   3.3564233e+03  -2.0114517e-01
   3.3566188e+03  -1.9818497e-01
   3.3568143e+03  -1.9476891e-01
   3.3570098e+03  -1.9154549e-01
   3.3572053e+03  -1.9738388e-01
   3.3574008e+03  -1.8474770e-01
   3.3575963e+03  -1.8734550e-01
   3.3577918e+03  -1.8421173e-01
   3.3579873e+03  -1.8583679e-01
   3.3581828e+03  -1.9009209e-01
   3.3583783e+03  -1.8625069e-01
   3.3585738e+03  -1.8822861e-01
   3.3587693e+03  -1.8742561e-01
   3.3589648e+03  -1.8472099e-01
   3.3591603e+03  -1.7952728e-01
   3.3593558e+03  -1.8942833e-01
   3.3595513e+03  -1.9425964e-01
   3.3597468e+03  -1.8259239e-01
   3.3599423e+03  -1.9421768e-01
   3.3601378e+03  -1.8096542e-01
   3.3603333e+03  -1.7627335e-01
   3.3605288e+03  -1.8506050e-01
   3.3607243e+03  -1.7903137e-01
   3.3609198e+03  -1.7967796e-01
   3.3611153e+03  -1.7111969e-01
   3.3613109e+03  -1.8108177e-01
   3.3615064e+03  -1.7740250e-01
   3.3617019e+03  -1.7504501e-01
   3.3618974e+03  -1.7687607e-01
   3.3620929e+03  -1.7726326e-01
   3.3622884e+03  -1.8375206e-01
   3.3624839e+03  -1.7984009e-01
   3.3626794e+03  -1.8372154e-01
   3.3628749e+03  -1.7279053e-01
   3.3630704e+03  -1.8673134e-01
   3.3632659e+03  -1.7933083e-01
   3.3634614e+03  -1.6908646e-01
   3.3636569e+03  -1.7758942e-01
   3.3638524e+03  -1.8118286e-01
   3.3640479e+03  -1.8200493e-01
   3.3642434e+03  -1.7211533e-01
   3.3644389e+03  -1.6977119e-01
   3.3646344e+03  -1.7410660e-01
   3.3648299e+03  -1.7599869e-01
   3.3650254e+03  -1.7222595e-01
   3.3652209e+03  -1.7864609e-01
   3.3654164e+03  -1.7000961e-01
   3.3656119e+03  -1.7142105e-01
   3.3658074e+03  -1.6432953e-01
   3.3660029e+03  -1.6372490e-01
   3.3661984e+03  -1.6904068e-01
   3.3663939e+03  -1.5996170e-01
   3.3665894e+03  -1.7572784e-01
   3.3667849e+03  -1.8000793e-01
   3.3669804e+03  -1.6528893e-01
   3.3671760e+03  -1.6246605e-01
   3.3673715e+03  -1.7358017e-01
   3.3675670e+03  -1.7643166e-01
   3.3677625e+03  -1.6804123e-01
   3.3679580e+03  -1.6653252e-01
   3.3681535e+03  -1.6881943e-01
   3.3683490e+03  -1.6906738e-01
   3.3685445e+03  -1.6778946e-01
   3.3687400e+03  -1.7484283e-01
   3.3689355e+03  -1.7302513e-01
   3.3691310e+03  -1.6856194e-01
   3.3693265e+03  -1.7110443e-01
   3.3695220e+03  -1.6461945e-01
   3.3697175e+03  -1.5687370e-01
   3.3699130e+03  -1.6804886e-01
   3.3701085e+03  -1.6922379e-01
   3.3703040e+03  -1.6665840e-01
   3.3704995e+03  -1.7071724e-01
   3.3706950e+03  -1.7064476e-01
   3.3708905e+03  -1.7021751e-01
   3.3710860e+03  -1.6792488e-01
   3.3712815e+03  -1.6293144e-01
   3.3714770e+03  -1.6397667e-01
   3.3716725e+03  -1.5859222e-01
   3.3718680e+03  -1.6602516e-01
   3.3720635e+03  -1.6292572e-01
   3.3722590e+03  -1.5568352e-01
   3.3724545e+03  -1.6504669e-01
   3.3726500e+03  -1.6081810e-01
   3.3728456e+03  -1.6139221e-01
   3.3730411e+03  -1.5960693e-01
   3.3732366e+03  -1.7280006e-01
   3.3734321e+03  -1.5629578e-01
   3.3736276e+03  -1.7336273e-01
   3.3738231e+03  -1.6484642e-01
   3.3740186e+03  -1.7063141e-01
   3.3742141e+03  -1.6763306e-01
   3.3744096e+03  -1.6628075e-01
   3.3746051e+03  -1.6044998e-01
   3.3748006e+03  -1.6767693e-01
   3.3749961e+03  -1.7029572e-01
   3.3751916e+03  -1.7181587e-01
   3.3753871e+03  -1.6468239e-01
   3.3755826e+03  -1.6803551e-01
   3.3757781e+03  -1.5780067e-01
   3.3759736e+03  -1.6473389e-01
   3.3761691e+03  -1.7226791e-01
   3.3763646e+03  -1.5829849e-01
   3.3765601e+03  -1.5424156e-01
   3.3767556e+03  -1.6096115e-01
   3.3769511e+03  -1.6650963e-01
   3.3771466e+03  -1.6942978e-01
   3.3773421e+03  -1.6136360e-01
   3.3775376e+03  -1.6080093e-01
   3.3777331e+03  -1.6753960e-01
   3.3779286e+03  -1.6797829e-01
   3.3781241e+03  -1.6627121e-01
   3.3783196e+03  -1.6334915e-01
   3.3785152e+03  -1.6573906e-01
   3.3787107e+03  -1.5657043e-01
   3.3789062e+03  -1.7188263e-01
   3.3791017e+03  -1.5654564e-01
   3.3792972e+03  -1.6583252e-01
   3.3794927e+03  -1.7196655e-01
   3.3796882e+03  -1.6190338e-01
   3.3798837e+03  -1.6119957e-01
   3.3800792e+03  -1.5803337e-01
   3.3802747e+03  -1.6404724e-01
   3.3804702e+03  -1.6970062e-01
   3.3806657e+03  -1.6069412e-01
   3.3808612e+03  -1.6817856e-01
   3.3810567e+03  -1.5750504e-01
   3.3812522e+03  -1.5980721e-01
   3.3814477e+03  -1.5960884e-01
   3.3816432e+03  -1.5913391e-01
   3.3818387e+03  -1.5756607e-01
   3.3820342e+03  -1.5979004e-01
   3.3822297e+03  -1.5897751e-01
   3.3824252e+03  -1.6024208e-01
   3.3826207e+03  -1.5719795e-01
   3.3828162e+03  -1.6463661e-01
   3.3830117e+03  -1.5399933e-01
   3.3832072e+03  -1.6373825e-01
   3.3834027e+03  -1.6203499e-01
   3.3835982e+03  -1.5739822e-01
   3.3837937e+03  -1.6054535e-01
   3.3839892e+03  -1.5488434e-01
   3.3841848e+03  -1.5879440e-01
   3.3843803e+03  -1.5945053e-01
   3.3845758e+03  -1.6392136e-01
   3.3847713e+03  -1.5923882e-01
   3.3849668e+03  -1.6603088e-01
   3.3851623e+03  -1.5864182e-01
   3.3853578e+03  -1.7515945e-01
   3.3855533e+03  -1.6477966e-01
   3.3857488e+03  -1.5932465e-01
   3.3859443e+03  -1.5989113e-01
   3.3861398e+03  -1.5871429e-01
   3.3863353e+03  -1.6154861e-01
   3.3865308e+03  -1.5291595e-01
   3.3867263e+03  -1.6586494e-01
   3.3869218e+03  -1.5398788e-01
   3.3871173e+03  -1.5105438e-01
   3.3873128e+03  -1.5626717e-01
   3.3875083e+03  -1.5677834e-01
   3.3877038e+03  -1.5612793e-01
   3.3878993e+03  -1.5610313e-01
   3.3880948e+03  -1.5673828e-01
   3.3882903e+03  -1.6128540e-01
   3.3884858e+03  -1.6271591e-01
   3.3886813e+03  -1.6798782e-01
   3.3888768e+03  -1.6747856e-01
   3.3890723e+03  -1.7185402e-01
   3.3892678e+03  -1.5879440e-01
   3.3894633e+03  -1.5653229e-01
   3.3896588e+03  -1.6439438e-01
   3.3898543e+03  -1.5302849e-01
   3.3900499e+03  -1.5688324e-01
   3.3902454e+03  -1.5863991e-01
   3.3904409e+03  -1.5349579e-01
   3.3906364e+03  -1.6296577e-01
   3.3908319e+03  -1.6278076e-01
   3.3910274e+03  -1.6493988e-01
   3.3912229e+03  -1.6144562e-01
   3.3914184e+03  -1.5863609e-01
   3.3916139e+03  -1.5545845e-01
   3.3918094e+03  -1.6191292e-01
   3.3920049e+03  -1.6184235e-01
   3.3922004e+03  -1.5802574e-01
   3.3923959e+03  -1.5652847e-01
   3.3925914e+03  -1.6559792e-01
   3.3927869e+03  -1.6093445e-01
   3.3929824e+03  -1.6507912e-01
   3.3931779e+03  -1.5376282e-01
   3.3933734e+03  -1.5569496e-01
   3.3935689e+03  -1.5702629e-01
   3.3937644e+03  -1.6140366e-01
   3.3939599e+03  -1.5950203e-01
   3.3941554e+03  -1.6420174e-01
   3.3943509e+03  -1.6138649e-01
   3.3945464e+03  -1.6108704e-01
   3.3947419e+03  -1.6680145e-01
   3.3949374e+03  -1.5604210e-01
   3.3951329e+03  -1.5503693e-01
   3.3953284e+03  -1.5723038e-01
   3.3955239e+03  -1.5481949e-01
   3.3957195e+03  -1.5305901e-01
   3.3959150e+03  -1.5550995e-01
   3.3961105e+03  -1.6036797e-01
   3.3963060e+03  -1.6201591e-01
   3.3965015e+03  -1.5839195e-01
   3.3966970e+03  -1.5772438e-01
   3.3968925e+03  -1.4789200e-01
   3.3970880e+03  -1.5226364e-01
   3.3972835e+03  -1.5764046e-01
   3.3974790e+03  -1.5802383e-01
   3.3976745e+03  -1.5774155e-01
   3.3978700e+03  -1.5587425e-01
   3.3980655e+03  -1.5599442e-01
   3.3982610e+03  -1.5548325e-01
   3.3984565e+03  -1.5214348e-01
   3.3986520e+03  -1.5951347e-01
   3.3988475e+03  -1.5944862e-01
   3.3990430e+03  -1.5647697e-01
   3.3992385e+03  -1.5526772e-01
   3.3994340e+03  -1.6143227e-01
   3.3996295e+03  -1.5112495e-01
   3.3998250e+03  -1.6503716e-01
   3.4000205e+03  -1.6655922e-01
   3.4002160e+03  -1.5779114e-01
   3.4004115e+03  -1.6526604e-01
   3.4006070e+03  -1.6282272e-01
   3.4008025e+03  -1.5453339e-01
   3.4009980e+03  -1.4849281e-01
   3.4011935e+03  -1.6243362e-01
   3.4013891e+03  -1.5624428e-01
   3.4015846e+03  -1.5889359e-01
   3.4017801e+03  -1.6007805e-01
   3.4019756e+03  -1.5618134e-01
   3.4021711e+03  -1.5581703e-01
   3.4023666e+03  -1.4994621e-01
   3.4025621e+03  -1.6440964e-01
   3.4027576e+03  -1.5176582e-01
   3.4029531e+03  -1.6234207e-01
   3.4031486e+03  -1.5550041e-01
   3.4033441e+03  -1.6125298e-01
   3.4035396e+03  -1.5652084e-01
   3.4037351e+03  -1.6759109e-01
   3.4039306e+03  -1.4784241e-01
   3.4041261e+03  -1.6149902e-01
   3.4043216e+03  -1.5451622e-01
   3.4045171e+03  -1.4830399e-01
   3.4047126e+03  -1.6095924e-01
   3.4049081e+03  -1.4828491e-01
   3.4051036e+03  -1.5880203e-01
   3.4052991e+03  -1.5833473e-01
   3.4054946e+03  -1.5986061e-01
   3.4056901e+03  -1.4790344e-01
   3.4058856e+03  -1.5765953e-01
   3.4060811e+03  -1.5855217e-01
   3.4062766e+03  -1.5136528e-01
   3.4064721e+03  -1.5231323e-01
   3.4066676e+03  -1.5834236e-01
   3.4068631e+03  -1.6249847e-01
   3.4070587e+03  -1.5943527e-01
   3.4072542e+03  -1.4694214e-01
   3.4074497e+03  -1.5370178e-01
   3.4076452e+03  -1.6625404e-01
   3.4078407e+03  -1.5328598e-01
   3.4080362e+03  -1.5494919e-01
   3.4082317e+03  -1.5678215e-01
   3.4084272e+03  -1.5658951e-01
   3.4086227e+03  -1.5257072e-01
   3.4088182e+03  -1.5943909e-01
   3.4090137e+03  -1.6183281e-01
   3.4092092e+03  -1.5389442e-01
   3.4094047e+03  -1.5752792e-01
   3.4096002e+03  -1.6469193e-01
   3.4097957e+03  -1.5700150e-01
   3.4099912e+03  -1.4713097e-01
   3.4101867e+03  -1.5689087e-01
   3.4103822e+03  -1.5927505e-01
   3.4105777e+03  -1.5452385e-01
   3.4107732e+03  -1.5314102e-01
   3.4109687e+03  -1.6344452e-01
   3.4111642e+03  -1.5925789e-01
   3.4113597e+03  -1.6466522e-01
   3.4115552e+03  -1.5271378e-01
   3.4117507e+03  -1.6159821e-01
   3.4119462e+03  -1.6745758e-01
   3.4121417e+03  -1.6057396e-01
   3.4123372e+03  -1.4997673e-01
   3.4125327e+03  -1.5555382e-01
   3.4127283e+03  -1.5456009e-01
   3.4129238e+03  -1.5536118e-01
   3.4131193e+03  -1.5722275e-01
   3.4133148e+03  -1.6498375e-01
   3.4135103e+03  -1.5786934e-01
   3.4137058e+03  -1.5711975e-01
   3.4139013e+03  -1.5130806e-01
   3.4140968e+03  -1.5642738e-01
   3.4142923e+03  -1.5594482e-01
   3.4144878e+03  -1.6446304e-01
   3.4146833e+03  -1.5723038e-01
   3.4148788e+03  -1.6380119e-01
   3.4150743e+03  -1.5240097e-01
   3.4152698e+03  -1.4769745e-01
   3.4154653e+03  -1.5735245e-01
   3.4156608e+03  -1.5307045e-01
   3.4158563e+03  -1.5108681e-01
   3.4160518e+03  -1.4779854e-01
   3.4162473e+03  -1.4677048e-01
   3.4164428e+03  -1.6157913e-01
   3.4166383e+03  -1.5446281e-01
   3.4168338e+03  -1.5803528e-01
   3.4170293e+03  -1.6550255e-01
   3.4172248e+03  -1.6260529e-01
   3.4174203e+03  -1.5735245e-01
   3.4176158e+03  -1.5350151e-01
   3.4178113e+03  -1.6126442e-01
   3.4180068e+03  -1.5523529e-01
   3.4182023e+03  -1.5778351e-01
   3.4183978e+03  -1.5115166e-01
   3.4185934e+03  -1.5813446e-01
   3.4187889e+03  -1.4269447e-01
   3.4189844e+03  -1.6276360e-01
   3.4191799e+03  -1.5480995e-01
   3.4193754e+03  -1.4950180e-01
   3.4195709e+03  -1.5812302e-01
   3.4197664e+03  -1.5513039e-01
   3.4199619e+03  -1.5600014e-01
   3.4201574e+03  -1.5289497e-01
   3.4203529e+03  -1.5464020e-01
   3.4205484e+03  -1.5355492e-01
   3.4207439e+03  -1.5985489e-01
   3.4209394e+03  -1.5139198e-01
   3.4211349e+03  -1.6185760e-01
   3.4213304e+03  -1.6157532e-01
   3.4215259e+03  -1.6304398e-01
   3.4217214e+03  -1.5040779e-01
   3.4219169e+03  -1.6615868e-01
   3.4221124e+03  -1.5254784e-01
   3.4223079e+03  -1.5699005e-01
   3.4225034e+03  -1.4937019e-01
   3.4226989e+03  -1.5265846e-01
   3.4228944e+03  -1.6628647e-01
   3.4230899e+03  -1.6109848e-01
   3.4232854e+03  -1.5382576e-01
   3.4234809e+03  -1.6385078e-01
   3.4236764e+03  -1.5480423e-01
   3.4238719e+03  -1.6017151e-01
   3.4240674e+03  -1.5456581e-01
   3.4242630e+03  -1.5570259e-01
   3.4244585e+03  -1.4943314e-01
   3.4246540e+03  -1.5965843e-01
   3.4248495e+03  -1.5318489e-01
   3.4250450e+03  -1.6004944e-01
   3.4252405e+03  -1.5548706e-01
   3.4254360e+03  -1.5032768e-01
   3.4256315e+03  -1.5954208e-01
   3.4258270e+03  -1.6184235e-01
   3.4260225e+03  -1.6256905e-01
   3.4262180e+03  -1.5867424e-01
   3.4264135e+03  -1.5376091e-01
   3.4266090e+03  -1.5821266e-01
   3.4268045e+03  -1.6053200e-01
   3.4270000e+03  -1.5520096e-01
