   3.2270000e+03  -1.9777298e-01
   3.2271955e+03  -1.9362259e-01
   3.2273910e+03  -1.9269753e-01
   3.2275865e+03  -1.9539452e-01
   3.2277820e+03  -1.9297791e-01
   3.2279775e+03  -1.9897652e-01
   3.2281730e+03  -2.0066643e-01
   3.2283685e+03  -1.9188499e-01
   3.2285640e+03  -1.9704819e-01
   3.2287595e+03  -2.0178604e-01
   3.2289550e+03  -1.9097519e-01
   3.2291505e+03  -2.0015717e-01
   3.2293460e+03  -2.0999718e-01
   3.2295415e+03  -1.9775772e-01
   3.2297370e+03  -2.1301460e-01
   3.2299326e+03  -2.0049667e-01
   3.2301281e+03  -2.0097542e-01
   3.2303236e+03  -2.0767403e-01
   3.2305191e+03  -2.0335197e-01
   3.2307146e+03  -1.9983482e-01
   3.2309101e+03  -2.0147514e-01
   3.2311056e+03  -1.9616699e-01
   3.2313011e+03  -1.8688774e-01
   3.2314966e+03  -2.0403481e-01
   3.2316921e+03  -2.0307922e-01
   3.2318876e+03  -2.0027161e-01
   3.2320831e+03  -1.9309425e-01
   3.2322786e+03  -2.0820236e-01
   3.2324741e+03  -1.9424057e-01
   3.2326696e+03  -2.0559311e-01
   3.2328651e+03  -1.9936943e-01
   3.2330606e+03  -1.9846153e-01
   3.2332561e+03  -2.0319366e-01
   3.2334516e+03  -1.9722557e-01
   3.2336471e+03  -2.0146942e-01
   3.2338426e+03  -1.9986343e-01
   3.2340381e+03  -2.0688057e-01
   3.2342336e+03  -1.9985008e-01
   3.2344291e+03  -2.0550156e-01
   3.2346246e+03  -2.0683289e-01
   3.2348201e+03  -1.9883919e-01
   3.2350156e+03  -1.9550705e-01
   3.2352111e+03  -1.9664383e-01
   3.2354066e+03  -2.0134926e-01
   3.2356022e+03  -2.0461655e-01
   3.2357977e+03  -2.0082664e-01
   3.2359932e+03  -2.0284081e-01
   3.2361887e+03  -2.0623779e-01
   3.2363842e+03  -2.1366882e-01
   3.2365797e+03  -2.0478821e-01
   3.2367752e+03  -1.9814301e-01
   3.2369707e+03  -1.9674683e-01
   3.2371662e+03  -2.0015717e-01
   3.2373617e+03  -2.0335579e-01
   3.2375572e+03  -1.9797325e-01
   3.2377527e+03  -2.0246124e-01
   3.2379482e+03  -1.9601822e-01
   3.2381437e+03  -2.0555496e-01
   3.2383392e+03  -2.0030975e-01
   3.2385347e+03  -1.9526291e-01
   3.2387302e+03  -1.9548988e-01
   3.2389257e+03  -2.0543671e-01
   3.2391212e+03  -1.9522095e-01
   3.2393167e+03  -2.0074844e-01
   3.2395122e+03  -1.9773102e-01
   3.2397077e+03  -1.9418716e-01
   3.2399032e+03  -1.9067764e-01
   3.2400987e+03  -2.0077705e-01
   3.2402942e+03  -2.0354080e-01
   3.2404897e+03  -1.9994926e-01
   3.2406852e+03  -1.9681358e-01
   3.2408807e+03  -2.0183182e-01
   3.2410762e+03  -2.0403671e-01
   3.2412717e+03  -1.9821930e-01
   3.2414673e+03  -1.9670677e-01
   3.2416628e+03  -1.9493484e-01
   3.2418583e+03  -2.0538712e-01
   3.2420538e+03  -2.0414543e-01
   3.2422493e+03  -1.9883728e-01
   3.2424448e+03  -2.0385361e-01
   3.2426403e+03  -2.0525551e-01
   3.2428358e+03  -2.0497513e-01
   3.2430313e+03  -1.9477654e-01
   3.2432268e+03  -2.0517159e-01
   3.2434223e+03  -2.0285797e-01
   3.2436178e+03  -1.9710922e-01
   3.2438133e+03  -1.9565773e-01
   3.2440088e+03  -1.9808197e-01
   3.2442043e+03  -1.9757652e-01
   3.2443998e+03  -2.0256424e-01
   3.2445953e+03  -2.0116806e-01
   3.2447908e+03  -1.9676018e-01
   3.2449863e+03  -1.9716644e-01
   3.2451818e+03  -2.0567513e-01
   3.2453773e+03  -1.9672775e-01
   3.2455728e+03  -1.9631386e-01
   3.2457683e+03  -2.0930290e-01
   3.2459638e+03  -1.9888878e-01
   3.2461593e+03  -2.0160866e-01
   3.2463548e+03  -2.0293808e-01
   3.2465503e+03  -2.0263863e-01
   3.2467458e+03  -2.0171738e-01
   3.2469413e+03  -1.9644928e-01
   3.2471369e+03  -2.0198059e-01
   3.2473324e+03  -1.9766998e-01
   3.2475279e+03  -1.9944382e-01
   3.2477234e+03  -2.0254707e-01
   3.2479189e+03  -2.0569611e-01
   3.2481144e+03  -2.0051956e-01
   3.2483099e+03  -1.9349670e-01
   3.2485054e+03  -2.0365143e-01
   3.2487009e+03  -2.0242310e-01
   3.2488964e+03  -1.9643784e-01
   3.2490919e+03  -2.0251083e-01
   3.2492874e+03  -1.9854736e-01
   3.2494829e+03  -2.0207596e-01
   3.2496784e+03  -1.9657898e-01
   3.2498739e+03  -2.0471764e-01
   3.2500694e+03  -2.0923805e-01
   3.2502649e+03  -2.0042229e-01
   3.2504604e+03  -1.9596863e-01
   3.2506559e+03  -2.0693398e-01
   3.2508514e+03  -2.1369934e-01
   3.2510469e+03  -2.1146011e-01
   3.2512424e+03  -2.0305252e-01
   3.2514379e+03  -2.0842743e-01
   3.2516334e+03  -1.9864464e-01
   3.2518289e+03  -2.0748711e-01
   3.2520244e+03  -1.9580269e-01
   3.2522199e+03  -1.9768715e-01
   3.2524154e+03  -2.0556831e-01
   3.2526109e+03  -2.0758820e-01
   3.2528065e+03  -2.0396233e-01
   3.2530020e+03  -1.9800568e-01
   3.2531975e+03  -1.9769478e-01
   3.2533930e+03  -1.9150925e-01
   3.2535885e+03  -2.0098877e-01
   3.2537840e+03  -2.0114708e-01
   3.2539795e+03  -2.1297073e-01
   3.2541750e+03  -2.1063805e-01
   3.2543705e+03  -1.9714546e-01
   3.2545660e+03  -1.9970512e-01
   3.2547615e+03  -2.0093346e-01
   3.2549570e+03  -1.9460678e-01
   3.2551525e+03  -2.0111084e-01
   3.2553480e+03  -2.0682526e-01
   3.2555435e+03  -2.0515633e-01
   3.2557390e+03  -2.0401573e-01
   3.2559345e+03  -1.9576645e-01
   3.2561300e+03  -1.9785118e-01
   3.2563255e+03  -2.0043182e-01
   3.2565210e+03  -2.0068169e-01
   3.2567165e+03  -1.9744301e-01
   3.2569120e+03  -2.0248795e-01
   3.2571075e+03  -2.0083809e-01
   3.2573030e+03  -1.8563271e-01
   3.2574985e+03  -1.9902992e-01
   3.2576940e+03  -1.9865417e-01
   3.2578895e+03  -1.9074249e-01
   3.2580850e+03  -2.0585823e-01
   3.2582805e+03  -2.0149040e-01
   3.2584761e+03  -2.0146370e-01
   3.2586716e+03  -2.0134926e-01
   3.2588671e+03  -2.0352936e-01
   3.2590626e+03  -1.9351959e-01
   3.2592581e+03  -1.9566536e-01
   3.2594536e+03  -2.0063400e-01
   3.2596491e+03  -2.0367241e-01
   3.2598446e+03  -2.0540810e-01
   3.2600401e+03  -2.0558357e-01
   3.2602356e+03  -2.0032692e-01
   3.2604311e+03  -1.9953728e-01
   3.2606266e+03  -1.9449043e-01
   3.2608221e+03  -2.0194817e-01
   3.2610176e+03  -1.9482994e-01
   3.2612131e+03  -1.9911385e-01
   3.2614086e+03  -1.9849205e-01
   3.2616041e+03  -1.8998337e-01
   3.2617996e+03  -1.9220734e-01
   3.2619951e+03  -1.9632530e-01
   3.2621906e+03  -2.1030426e-01
   3.2623861e+03  -1.9822693e-01
   3.2625816e+03  -1.8557739e-01
   3.2627771e+03  -2.0957947e-01
   3.2629726e+03  -1.9724846e-01
   3.2631681e+03  -1.9798660e-01
   3.2633636e+03  -1.8525505e-01
   3.2635591e+03  -2.0011520e-01
   3.2637546e+03  -1.9539642e-01
   3.2639501e+03  -2.0475388e-01
   3.2641457e+03  -1.9895363e-01
   3.2643412e+03  -2.0573425e-01
   3.2645367e+03  -1.9099426e-01
   3.2647322e+03  -1.9096756e-01
   3.2649277e+03  -1.9844818e-01
   3.2651232e+03  -1.9853592e-01
   3.2653187e+03  -1.9652557e-01
   3.2655142e+03  -1.9594193e-01
   3.2657097e+03  -1.8780518e-01
   3.2659052e+03  -1.9567299e-01
   3.2661007e+03  -1.9273376e-01
   3.2662962e+03  -1.8788147e-01
   3.2664917e+03  -1.9712448e-01
   3.2666872e+03  -1.9442940e-01
   3.2668827e+03  -2.0259094e-01
   3.2670782e+03  -2.0328712e-01
   3.2672737e+03  -1.9341087e-01
   3.2674692e+03  -2.0172882e-01
   3.2676647e+03  -2.0209503e-01
   3.2678602e+03  -1.9359016e-01
   3.2680557e+03  -2.0130920e-01
   3.2682512e+03  -2.0428467e-01
   3.2684467e+03  -1.9492531e-01
   3.2686422e+03  -1.9801712e-01
   3.2688377e+03  -2.0122528e-01
   3.2690332e+03  -1.9545174e-01
   3.2692287e+03  -1.9555092e-01
   3.2694242e+03  -1.9448853e-01
   3.2696197e+03  -1.9814491e-01
   3.2698152e+03  -1.8849564e-01
   3.2700108e+03  -1.9362450e-01
   3.2702063e+03  -1.9469452e-01
   3.2704018e+03  -1.9330978e-01
   3.2705973e+03  -1.9600105e-01
   3.2707928e+03  -1.9690514e-01
   3.2709883e+03  -2.0355797e-01
   3.2711838e+03  -2.0038795e-01
   3.2713793e+03  -1.8908501e-01
   3.2715748e+03  -1.9524956e-01
   3.2717703e+03  -1.9789505e-01
   3.2719658e+03  -1.9471550e-01
   3.2721613e+03  -1.8698311e-01
   3.2723568e+03  -1.9438934e-01
   3.2725523e+03  -1.9886398e-01
   3.2727478e+03  -1.8471336e-01
   3.2729433e+03  -1.9263077e-01
   3.2731388e+03  -1.9678307e-01
   3.2733343e+03  -1.9076347e-01
   3.2735298e+03  -1.9475937e-01
   3.2737253e+03  -1.8914795e-01
   3.2739208e+03  -1.9603539e-01
   3.2741163e+03  -1.9870758e-01
   3.2743118e+03  -2.0444489e-01
   3.2745073e+03  -1.8594742e-01
   3.2747028e+03  -1.9085121e-01
   3.2748983e+03  -1.8820953e-01
   3.2750938e+03  -1.8599510e-01
   3.2752893e+03  -1.8873215e-01
   3.2754848e+03  -1.9220734e-01
   3.2756804e+03  -1.9478607e-01
   3.2758759e+03  -1.9080353e-01
   3.2760714e+03  -1.8599701e-01
   3.2762669e+03  -1.8676567e-01
   3.2764624e+03  -2.0386696e-01
   3.2766579e+03  -1.8927765e-01
   3.2768534e+03  -1.9788742e-01
   3.2770489e+03  -1.8704224e-01
   3.2772444e+03  -1.9164658e-01
   3.2774399e+03  -1.9023705e-01
   3.2776354e+03  -1.8040466e-01
   3.2778309e+03  -1.8694305e-01
   3.2780264e+03  -1.8745422e-01
   3.2782219e+03  -1.8654060e-01
   3.2784174e+03  -1.8544006e-01
   3.2786129e+03  -1.8804550e-01
   3.2788084e+03  -1.8934822e-01
   3.2790039e+03  -1.9020653e-01
   3.2791994e+03  -1.8690300e-01
   3.2793949e+03  -1.7757225e-01
   3.2795904e+03  -1.8546867e-01
   3.2797859e+03  -1.8994141e-01
   3.2799814e+03  -1.8489456e-01
   3.2801769e+03  -1.9096947e-01
   3.2803724e+03  -1.8475914e-01
   3.2805679e+03  -1.8963814e-01
   3.2807634e+03  -1.7920685e-01
   3.2809589e+03  -1.7932320e-01
   3.2811544e+03  -1.7956734e-01
   3.2813500e+03  -1.9050407e-01
   3.2815455e+03  -1.8402290e-01
   3.2817410e+03  -1.8580246e-01
   3.2819365e+03  -1.8023300e-01
   3.2821320e+03  -1.9376945e-01
   3.2823275e+03  -1.9430733e-01
   3.2825230e+03  -1.7976570e-01
   3.2827185e+03  -1.7984962e-01
   3.2829140e+03  -1.8538666e-01
   3.2831095e+03  -1.8608475e-01
   3.2833050e+03  -1.8122101e-01
   3.2835005e+03  -1.7750740e-01
   3.2836960e+03  -1.7228127e-01
   3.2838915e+03  -1.8152046e-01
   3.2840870e+03  -1.8614006e-01
   3.2842825e+03  -1.7981720e-01
   3.2844780e+03  -1.8079567e-01
   3.2846735e+03  -1.7417145e-01
   3.2848690e+03  -1.7607307e-01
   3.2850645e+03  -1.7182922e-01
   3.2852600e+03  -1.8478584e-01
   3.2854555e+03  -1.7979240e-01
   3.2856510e+03  -1.7293167e-01
   3.2858465e+03  -1.8157387e-01
   3.2860420e+03  -1.7615700e-01
   3.2862375e+03  -1.7226791e-01
   3.2864330e+03  -1.7529488e-01
   3.2866285e+03  -1.7108727e-01
   3.2868240e+03  -1.7461967e-01
   3.2870196e+03  -1.7299271e-01
   3.2872151e+03  -1.6827011e-01
   3.2874106e+03  -1.6693878e-01
   3.2876061e+03  -1.7028999e-01
   3.2878016e+03  -1.7225266e-01
   3.2879971e+03  -1.7050552e-01
   3.2881926e+03  -1.7037010e-01
   3.2883881e+03  -1.7443275e-01
   3.2885836e+03  -1.7057800e-01
   3.2887791e+03  -1.7039680e-01
   3.2889746e+03  -1.7086220e-01
   3.2891701e+03  -1.6868019e-01
   3.2893656e+03  -1.7042923e-01
   3.2895611e+03  -1.6496468e-01
   3.2897566e+03  -1.5961075e-01
   3.2899521e+03  -1.6763687e-01
   3.2901476e+03  -1.6605186e-01
   3.2903431e+03  -1.6479301e-01
   3.2905386e+03  -1.6918945e-01
   3.2907341e+03  -1.6708755e-01
   3.2909296e+03  -1.5715218e-01
   3.2911251e+03  -1.5763855e-01
   3.2913206e+03  -1.5929413e-01
   3.2915161e+03  -1.6175842e-01
   3.2917116e+03  -1.5211296e-01
   3.2919071e+03  -1.5587997e-01
   3.2921026e+03  -1.5609169e-01
   3.2922981e+03  -1.5134048e-01
   3.2924936e+03  -1.5251732e-01
   3.2926891e+03  -1.5211868e-01
   3.2928847e+03  -1.6564369e-01
   3.2930802e+03  -1.5417671e-01
   3.2932757e+03  -1.4910126e-01
   3.2934712e+03  -1.5431595e-01
   3.2936667e+03  -1.4706039e-01
   3.2938622e+03  -1.4410973e-01
   3.2940577e+03  -1.3359451e-01
   3.2942532e+03  -1.3903046e-01
   3.2944487e+03  -1.4476395e-01
   3.2946442e+03  -1.3256454e-01
   3.2948397e+03  -1.3200951e-01
   3.2950352e+03  -1.3885307e-01
   3.2952307e+03  -1.2750053e-01
   3.2954262e+03  -1.3116264e-01
   3.2956217e+03  -1.2949371e-01
   3.2958172e+03  -1.1921120e-01
   3.2960127e+03  -1.1848831e-01
   3.2962082e+03  -1.2627220e-01
   3.2964037e+03  -1.2048340e-01
   3.2965992e+03  -1.1334801e-01
   3.2967947e+03  -1.1644363e-01
   3.2969902e+03  -1.1729622e-01
   3.2971857e+03  -1.1344910e-01
   3.2973812e+03  -1.1421585e-01
   3.2975767e+03  -1.0415077e-01
   3.2977722e+03  -1.0623360e-01
   3.2979677e+03  -9.9365234e-02
   3.2981632e+03  -9.7103119e-02
   3.2983587e+03  -9.4625473e-02
   3.2985543e+03  -8.3316803e-02
   3.2987498e+03  -8.3389282e-02
   3.2989453e+03  -7.7791214e-02
   3.2991408e+03  -7.5149536e-02
   3.2993363e+03  -6.6207886e-02
   3.2995318e+03  -5.6167603e-02
   3.2997273e+03  -5.5839539e-02
   3.2999228e+03  -5.8788300e-02
   3.3001183e+03  -3.9892197e-02
   3.3003138e+03  -4.6661377e-02
   3.3005093e+03  -3.2920837e-02
   3.3007048e+03  -2.3849487e-02
   3.3009003e+03  -1.6157150e-02
   3.3010958e+03  -2.3307800e-03
   3.3012913e+03   1.6008377e-02
   3.3014868e+03   1.6069412e-02
   3.3016823e+03   3.0658722e-02
   3.3018778e+03   4.8822403e-02
   3.3020733e+03   7.1472168e-02
   3.3022688e+03   8.5056305e-02
   3.3024643e+03   1.1038971e-01
   3.3026598e+03   1.3749695e-01
   3.3028553e+03   1.6447449e-01
   3.3030508e+03   1.9244194e-01
   3.3032463e+03   2.2430611e-01
   3.3034418e+03   2.6809120e-01
   3.3036373e+03   2.8602219e-01
   3.3038328e+03   3.4773064e-01
   3.3040283e+03   3.8008499e-01
   3.3042239e+03   4.1634178e-01
   3.3044194e+03   4.3493843e-01
   3.3046149e+03   4.5243835e-01
   3.3048104e+03   4.3384743e-01
   3.3050059e+03   3.9419365e-01
   3.3052014e+03   3.2029343e-01
   3.3053969e+03   2.0795441e-01
   3.3055924e+03   6.5402985e-02
   3.3057879e+03  -9.8659515e-02
   3.3059834e+03  -2.6608849e-01
   3.3061789e+03  -4.3478203e-01
   3.3063744e+03  -5.5993271e-01
   3.3065699e+03  -6.6468048e-01
   3.3067654e+03  -7.1917725e-01
   3.3069609e+03  -7.6620865e-01
   3.3071564e+03  -7.8793144e-01
   3.3073519e+03  -7.6259995e-01
   3.3075474e+03  -7.2889709e-01
   3.3077429e+03  -6.8476105e-01
   3.3079384e+03  -6.5289497e-01
   3.3081339e+03  -6.0906029e-01
   3.3083294e+03  -5.6376457e-01
   3.3085249e+03  -5.3823280e-01
   3.3087204e+03  -4.9406433e-01
   3.3089159e+03  -4.7003365e-01
   3.3091114e+03  -4.4593811e-01
   3.3093069e+03  -4.1479874e-01
   3.3095024e+03  -3.9935303e-01
   3.3096979e+03  -3.7209320e-01
   3.3098935e+03  -3.5872650e-01
   3.3100890e+03  -3.3652115e-01
   3.3102845e+03  -3.4091568e-01
   3.3104800e+03  -3.2739449e-01
   3.3106755e+03  -3.1308174e-01
   3.3108710e+03  -3.0222321e-01
   3.3110665e+03  -3.0201149e-01
   3.3112620e+03  -2.9450798e-01
   3.3114575e+03  -2.8451347e-01
   3.3116530e+03  -2.6519012e-01
   3.3118485e+03  -2.5264359e-01
   3.3120440e+03  -2.4670982e-01
   3.3122395e+03  -2.4494171e-01
   3.3124350e+03  -2.2677994e-01
   3.3126305e+03  -2.2240448e-01
   3.3128260e+03  -2.1257401e-01
   3.3130215e+03  -2.0516205e-01
   3.3132170e+03  -1.9444466e-01
   3.3134125e+03  -1.8263626e-01
   3.3136080e+03  -1.7877960e-01
   3.3138035e+03  -1.5930748e-01
   3.3139990e+03  -1.6014099e-01
   3.3141945e+03  -1.4233208e-01
   3.3143900e+03  -1.4966583e-01
   3.3145855e+03  -1.3875961e-01
   3.3147810e+03  -1.2503624e-01
   3.3149765e+03  -1.1903954e-01
   3.3151720e+03  -1.1113930e-01
   3.3153675e+03  -9.1508865e-02
   3.3155630e+03  -8.2262039e-02
   3.3157586e+03  -7.4308395e-02
   3.3159541e+03  -6.3562393e-02
   3.3161496e+03  -4.0098190e-02
   3.3163451e+03  -3.9642334e-02
   3.3165406e+03  -2.2939682e-02
   3.3167361e+03   5.3405762e-04
   3.3169316e+03   7.4615479e-03
   3.3171271e+03   2.2073746e-02
   3.3173226e+03   3.7931442e-02
   3.3175181e+03   6.4525604e-02
   3.3177136e+03   7.4586868e-02
   3.3179091e+03   1.0378838e-01
   3.3181046e+03   1.3821411e-01
   3.3183001e+03   1.6390800e-01
   3.3184956e+03   1.9836235e-01
   3.3186911e+03   2.3830986e-01
   3.3188866e+03   2.7358437e-01
   3.3190821e+03   3.3504295e-01
   3.3192776e+03   3.7235451e-01
   3.3194731e+03   4.3958473e-01
   3.3196686e+03   5.0143433e-01
   3.3198641e+03   5.7780647e-01
   3.3200596e+03   6.3644218e-01
   3.3202551e+03   6.8350410e-01
   3.3204506e+03   7.1971512e-01
   3.3206461e+03   7.1462440e-01
   3.3208416e+03   6.6450882e-01
   3.3210371e+03   5.3258133e-01
   3.3212326e+03   3.5901642e-01
   3.3214282e+03   1.5151024e-01
   3.3216237e+03  -1.0920715e-01
   3.3218192e+03  -3.6705971e-01
   3.3220147e+03  -6.1598396e-01
   3.3222102e+03  -8.1655502e-01
   3.3224057e+03  -9.6354675e-01
   3.3226012e+03  -1.0470142e+00
   3.3227967e+03  -1.1019192e+00
   3.3229922e+03  -1.0791416e+00
   3.3231877e+03  -1.0491810e+00
   3.3233832e+03  -1.0050678e+00
   3.3235787e+03  -9.3469048e-01
   3.3237742e+03  -8.5796165e-01
   3.3239697e+03  -8.1016731e-01
   3.3241652e+03  -7.3404884e-01
   3.3243607e+03  -6.8645096e-01
   3.3245562e+03  -6.3524818e-01
   3.3247517e+03  -6.1050224e-01
   3.3249472e+03  -5.7296753e-01
   3.3251427e+03  -5.4033470e-01
   3.3253382e+03  -5.1044273e-01
   3.3255337e+03  -4.8241043e-01
   3.3257292e+03  -4.7201920e-01
   3.3259247e+03  -4.3962288e-01
   3.3261202e+03  -4.2349243e-01
   3.3263157e+03  -4.0563011e-01
   3.3265112e+03  -3.9258194e-01
   3.3267067e+03  -3.8059425e-01
   3.3269022e+03  -3.6728859e-01
   3.3270978e+03  -3.4792137e-01
   3.3272933e+03  -3.4282684e-01
   3.3274888e+03  -3.2392883e-01
   3.3276843e+03  -3.1690407e-01
   3.3278798e+03  -3.2110786e-01
   3.3280753e+03  -2.9768944e-01
   3.3282708e+03  -2.8521538e-01
   3.3284663e+03  -2.8274727e-01
   3.3286618e+03  -2.7337837e-01
   3.3288573e+03  -2.5486755e-01
   3.3290528e+03  -2.4855423e-01
   3.3292483e+03  -2.4691963e-01
   3.3294438e+03  -2.4603271e-01
   3.3296393e+03  -2.3124886e-01
   3.3298348e+03  -2.2108078e-01
   3.3300303e+03  -2.0918465e-01
   3.3302258e+03  -2.1428490e-01
   3.3304213e+03  -2.1051788e-01
   3.3306168e+03  -2.0014000e-01
   3.3308123e+03  -2.0372391e-01
   3.3310078e+03  -1.9850731e-01
   3.3312033e+03  -1.8812943e-01
   3.3313988e+03  -1.8289375e-01
   3.3315943e+03  -1.6858673e-01
   3.3317898e+03  -1.7562866e-01
   3.3319853e+03  -1.6738892e-01
   3.3321808e+03  -1.5749359e-01
   3.3323763e+03  -1.6228294e-01
   3.3325718e+03  -1.4556694e-01
   3.3327674e+03  -1.5348053e-01
   3.3329629e+03  -1.3335609e-01
   3.3331584e+03  -1.3907242e-01
   3.3333539e+03  -1.2662506e-01
   3.3335494e+03  -1.2062836e-01
   3.3337449e+03  -1.0990143e-01
   3.3339404e+03  -9.8707199e-02
   3.3341359e+03  -9.3973160e-02
   3.3343314e+03  -8.4033966e-02
   3.3345269e+03  -8.5584641e-02
   3.3347224e+03  -6.8536758e-02
   3.3349179e+03  -6.7186356e-02
   3.3351134e+03  -6.6087723e-02
   3.3353089e+03  -6.4962387e-02
   3.3355044e+03  -6.1746597e-02
   3.3356999e+03  -6.9473267e-02
   3.3358954e+03  -7.6545715e-02
   3.3360909e+03  -8.3684921e-02
   3.3362864e+03  -9.3402863e-02
   3.3364819e+03  -9.6626282e-02
   3.3366774e+03  -1.1684418e-01
   3.3368729e+03  -1.5107346e-01
   3.3370684e+03  -1.6613579e-01
   3.3372639e+03  -2.0474815e-01
   3.3374594e+03  -2.3521423e-01
   3.3376549e+03  -2.8088188e-01
   3.3378504e+03  -3.1611443e-01
   3.3380459e+03  -3.6081886e-01
   3.3382414e+03  -3.9349937e-01
   3.3384370e+03  -4.2715836e-01
   3.3386325e+03  -4.3818092e-01
   3.3388280e+03  -4.5147705e-01
   3.3390235e+03  -4.5337868e-01
   3.3392190e+03  -4.4854927e-01
   3.3394145e+03  -4.5409966e-01
   3.3396100e+03  -4.3828964e-01
   3.3398055e+03  -4.3298531e-01
   3.3400010e+03  -4.1946793e-01
   3.3401965e+03  -4.1991997e-01
   3.3403920e+03  -4.1528511e-01
   3.3405875e+03  -4.1299057e-01
   3.3407830e+03  -4.0920830e-01
   3.3409785e+03  -3.9337158e-01
   3.3411740e+03  -3.8633156e-01
   3.3413695e+03  -3.7873840e-01
   3.3415650e+03  -3.6767197e-01
   3.3417605e+03  -3.7207031e-01
   3.3419560e+03  -3.5572433e-01
   3.3421515e+03  -3.5859489e-01
   3.3423470e+03  -3.4270287e-01
   3.3425425e+03  -3.4629059e-01
   3.3427380e+03  -3.3378029e-01
   3.3429335e+03  -3.3941460e-01
   3.3431290e+03  -3.3380508e-01
   3.3433245e+03  -3.2530212e-01
   3.3435200e+03  -3.2222939e-01
   3.3437155e+03  -3.1556511e-01
   3.3439110e+03  -3.1416512e-01
   3.3441065e+03  -2.9847908e-01
   3.3443021e+03  -3.1702995e-01
   3.3444976e+03  -2.9914093e-01
   3.3446931e+03  -2.9879379e-01
   3.3448886e+03  -2.9268265e-01
   3.3450841e+03  -2.9629707e-01
   3.3452796e+03  -2.9566193e-01
   3.3454751e+03  -2.8017426e-01
   3.3456706e+03  -2.7777481e-01
   3.3458661e+03  -2.8594398e-01
   3.3460616e+03  -2.8818130e-01
   3.3462571e+03  -2.9136086e-01
   3.3464526e+03  -2.7415657e-01
   3.3466481e+03  -2.7360916e-01
   3.3468436e+03  -2.7327347e-01
   3.3470391e+03  -2.6618767e-01
   3.3472346e+03  -2.7777863e-01
   3.3474301e+03  -2.7583694e-01
   3.3476256e+03  -2.7805519e-01
   3.3478211e+03  -2.6388741e-01
   3.3480166e+03  -2.5751495e-01
   3.3482121e+03  -2.7301025e-01
   3.3484076e+03  -2.6754189e-01
   3.3486031e+03  -2.5796700e-01
   3.3487986e+03  -2.6762009e-01
   3.3489941e+03  -2.5468636e-01
   3.3491896e+03  -2.6231003e-01
   3.3493851e+03  -2.5249863e-01
   3.3495806e+03  -2.5877571e-01
   3.3497761e+03  -2.5012589e-01
   3.3499717e+03  -2.5467873e-01
   3.3501672e+03  -2.5848579e-01
   3.3503627e+03  -2.6955223e-01
   3.3505582e+03  -2.4990654e-01
   3.3507537e+03  -2.5757217e-01
   3.3509492e+03  -2.5609398e-01
   3.3511447e+03  -2.5529480e-01
   3.3513402e+03  -2.5399017e-01
   3.3515357e+03  -2.5724411e-01
   3.3517312e+03  -2.5621796e-01
   3.3519267e+03  -2.5865936e-01
   3.3521222e+03  -2.5022697e-01
   3.3523177e+03  -2.5321960e-01
   3.3525132e+03  -2.4863052e-01
   3.3527087e+03  -2.4371910e-01
   3.3529042e+03  -2.5330925e-01
   3.3530997e+03  -2.4746513e-01
   3.3532952e+03  -2.4343109e-01
   3.3534907e+03  -2.5446892e-01
   3.3536862e+03  -2.4910164e-01
   3.3538817e+03  -2.4814034e-01
   3.3540772e+03  -2.4710274e-01
   3.3542727e+03  -2.4062157e-01
   3.3544682e+03  -2.5261497e-01
   3.3546637e+03  -2.5173378e-01
   3.3548592e+03  -2.4495697e-01
   3.3550547e+03  -2.4638939e-01
   3.3552502e+03  -2.4316597e-01
   3.3554457e+03  -2.3881531e-01
   3.3556413e+03  -2.3688698e-01
   3.3558368e+03  -2.5262833e-01
   3.3560323e+03  -2.4497223e-01
   3.3562278e+03  -2.4266052e-01
   3.3564233e+03  -2.3845863e-01
   3.3566188e+03  -2.3888969e-01
   3.3568143e+03  -2.3672295e-01
   3.3570098e+03  -2.3775101e-01
   3.3572053e+03  -2.3238182e-01
   3.3574008e+03  -2.3656654e-01
   3.3575963e+03  -2.3821640e-01
   3.3577918e+03  -2.3592949e-01
   3.3579873e+03  -2.3711395e-01
   3.3581828e+03  -2.4117088e-01
   3.3583783e+03  -2.4005318e-01
   3.3585738e+03  -2.3751640e-01
   3.3587693e+03  -2.3071289e-01
   3.3589648e+03  -2.3272514e-01
   3.3591603e+03  -2.3514366e-01
   3.3593558e+03  -2.3359489e-01
   3.3595513e+03  -2.3751640e-01
   3.3597468e+03  -2.3748970e-01
   3.3599423e+03  -2.2895241e-01
   3.3601378e+03  -2.3790359e-01
   3.3603333e+03  -2.2625923e-01
   3.3605288e+03  -2.3089027e-01
   3.3607243e+03  -2.2927284e-01
   3.3609198e+03  -2.2963333e-01
   3.3611153e+03  -2.3414040e-01
   3.3613109e+03  -2.3119926e-01
   3.3615064e+03  -2.2661972e-01
   3.3617019e+03  -2.3218727e-01
   3.3618974e+03  -2.1737671e-01
   3.3620929e+03  -2.3050308e-01
   3.3622884e+03  -2.3312950e-01
   3.3624839e+03  -2.2688293e-01
   3.3626794e+03  -2.2842979e-01
   3.3628749e+03  -2.2859764e-01
   3.3630704e+03  -2.3302078e-01
   3.3632659e+03  -2.2164154e-01
   3.3634614e+03  -2.2816277e-01
   3.3636569e+03  -2.3312187e-01
   3.3638524e+03  -2.3110771e-01
   3.3640479e+03  -2.2356987e-01
   3.3642434e+03  -2.2495270e-01
   3.3644389e+03  -2.1954155e-01
   3.3646344e+03  -2.3324966e-01
   3.3648299e+03  -2.2324944e-01
   3.3650254e+03  -2.1866608e-01
   3.3652209e+03  -2.2555161e-01
   3.3654164e+03  -2.2102165e-01
   3.3656119e+03  -2.2127914e-01
   3.3658074e+03  -2.2846031e-01
   3.3660029e+03  -2.1475983e-01
   3.3661984e+03  -2.2499657e-01
   3.3663939e+03  -2.2136879e-01
   3.3665894e+03  -2.2508240e-01
   3.3667849e+03  -2.2284508e-01
   3.3669804e+03  -2.2426796e-01
   3.3671760e+03  -2.1973801e-01
   3.3673715e+03  -2.1892738e-01
   3.3675670e+03  -2.1989822e-01
   3.3677625e+03  -2.2775269e-01
   3.3679580e+03  -2.1533394e-01
   3.3681535e+03  -2.2721481e-01
   3.3683490e+03  -2.0819092e-01
   3.3685445e+03  -2.2760201e-01
   3.3687400e+03  -2.2080231e-01
   3.3689355e+03  -2.2560883e-01
   3.3691310e+03  -2.1798897e-01
   3.3693265e+03  -2.2238731e-01
   3.3695220e+03  -2.2090530e-01
   3.3697175e+03  -2.2108841e-01
   3.3699130e+03  -2.2597885e-01
   3.3701085e+03  -2.2198868e-01
   3.3703040e+03  -2.1789742e-01
   3.3704995e+03  -2.1536827e-01
   3.3706950e+03  -2.1630287e-01
   3.3708905e+03  -2.1583176e-01
   3.3710860e+03  -2.1474457e-01
   3.3712815e+03  -2.2207642e-01
   3.3714770e+03  -2.2026062e-01
   3.3716725e+03  -2.1861267e-01
   3.3718680e+03  -2.2072220e-01
   3.3720635e+03  -2.1717453e-01
   3.3722590e+03  -2.2824669e-01
   3.3724545e+03  -2.1772957e-01
   3.3726500e+03  -2.2237206e-01
   3.3728456e+03  -2.1534157e-01
   3.3730411e+03  -2.2419930e-01
   3.3732366e+03  -2.0775986e-01
   3.3734321e+03  -2.2253990e-01
   3.3736276e+03  -2.1561623e-01
   3.3738231e+03  -2.2035789e-01
   3.3740186e+03  -2.1658897e-01
   3.3742141e+03  -2.1572876e-01
   3.3744096e+03  -2.1207619e-01
   3.3746051e+03  -2.0930481e-01
   3.3748006e+03  -2.1973038e-01
   3.3749961e+03  -2.1912003e-01
   3.3751916e+03  -2.1740913e-01
   3.3753871e+03  -2.0867729e-01
   3.3755826e+03  -2.1432877e-01
   3.3757781e+03  -2.1218300e-01
   3.3759736e+03  -2.0679092e-01
   3.3761691e+03  -2.1406937e-01
   3.3763646e+03  -2.1754456e-01
   3.3765601e+03  -2.1537590e-01
   3.3767556e+03  -2.2045326e-01
   3.3769511e+03  -2.1790504e-01
   3.3771466e+03  -1.9844246e-01
   3.3773421e+03  -2.0774460e-01
   3.3775376e+03  -2.1526337e-01
   3.3777331e+03  -2.0402336e-01
   3.3779286e+03  -2.1128654e-01
   3.3781241e+03  -2.1406746e-01
   3.3783196e+03  -2.0782089e-01
   3.3785152e+03  -2.1504784e-01
   3.3787107e+03  -2.1808624e-01
   3.3789062e+03  -1.9462967e-01
   3.3791017e+03  -2.1749878e-01
   3.3792972e+03  -2.1169281e-01
   3.3794927e+03  -2.0915413e-01
   3.3796882e+03  -2.1843338e-01
   3.3798837e+03  -2.2364044e-01
   3.3800792e+03  -2.1714783e-01
   3.3802747e+03  -2.1122360e-01
   3.3804702e+03  -2.1769524e-01
   3.3806657e+03  -2.1042442e-01
   3.3808612e+03  -2.0791435e-01
   3.3810567e+03  -2.1547699e-01
   3.3812522e+03  -2.1187019e-01
   3.3814477e+03  -2.1494293e-01
   3.3816432e+03  -2.0893097e-01
   3.3818387e+03  -2.1712875e-01
   3.3820342e+03  -2.1569061e-01
   3.3822297e+03  -2.1595764e-01
   3.3824252e+03  -2.1207047e-01
   3.3826207e+03  -2.1443176e-01
   3.3828162e+03  -2.1728325e-01
   3.3830117e+03  -2.1636391e-01
   3.3832072e+03  -2.0597076e-01
   3.3834027e+03  -2.0743942e-01
   3.3835982e+03  -2.0909309e-01
   3.3837937e+03  -2.1671104e-01
   3.3839892e+03  -2.1270752e-01
   3.3841848e+03  -2.1798134e-01
   3.3843803e+03  -2.1207619e-01
   3.3845758e+03  -2.1710968e-01
   3.3847713e+03  -2.1086884e-01
   3.3849668e+03  -2.1261978e-01
   3.3851623e+03  -2.0601654e-01
   3.3853578e+03  -2.2120094e-01
   3.3855533e+03  -2.0863724e-01
   3.3857488e+03  -2.1404266e-01
   3.3859443e+03  -2.0530510e-01
   3.3861398e+03  -2.1731758e-01
   3.3863353e+03  -2.1617699e-01
   3.3865308e+03  -2.0950127e-01
   3.3867263e+03  -2.0868683e-01
   3.3869218e+03  -2.0720863e-01
   3.3871173e+03  -2.1570015e-01
   3.3873128e+03  -2.1080589e-01
   3.3875083e+03  -1.9952583e-01
   3.3877038e+03  -2.0623398e-01
   3.3878993e+03  -2.1337891e-01
   3.3880948e+03  -2.0313454e-01
   3.3882903e+03  -2.0634842e-01
   3.3884858e+03  -2.0594406e-01
   3.3886813e+03  -2.1001434e-01
   3.3888768e+03  -2.0134735e-01
   3.3890723e+03  -2.0857430e-01
   3.3892678e+03  -2.0663261e-01
   3.3894633e+03  -2.0248413e-01
   3.3896588e+03  -2.0740891e-01
   3.3898543e+03  -2.0642281e-01
   3.3900499e+03  -2.1244812e-01
   3.3902454e+03  -2.0704269e-01
   3.3904409e+03  -2.0971870e-01
   3.3906364e+03  -2.0863724e-01
   3.3908319e+03  -2.1100998e-01
   3.3910274e+03  -2.1129608e-01
   3.3912229e+03  -2.1444321e-01
   3.3914184e+03  -2.0544052e-01
   3.3916139e+03  -2.0046043e-01
   3.3918094e+03  -2.1122169e-01
   3.3920049e+03  -2.0726967e-01
   3.3922004e+03  -2.0351791e-01
   3.3923959e+03  -2.1569252e-01
   3.3925914e+03  -2.0157433e-01
   3.3927869e+03  -2.0559692e-01
   3.3929824e+03  -2.1233177e-01
   3.3931779e+03  -2.1420097e-01
   3.3933734e+03  -2.1024704e-01
   3.3935689e+03  -2.1019173e-01
   3.3937644e+03  -2.0536995e-01
   3.3939599e+03  -2.0602608e-01
   3.3941554e+03  -2.0920181e-01
   3.3943509e+03  -2.1314240e-01
   3.3945464e+03  -2.0852661e-01
   3.3947419e+03  -2.0177269e-01
   3.3949374e+03  -2.0859718e-01
   3.3951329e+03  -2.1102715e-01
   3.3953284e+03  -2.0380211e-01
   3.3955239e+03  -2.1536064e-01
   3.3957195e+03  -2.0650101e-01
   3.3959150e+03  -2.0488739e-01
   3.3961105e+03  -2.0617104e-01
   3.3963060e+03  -2.0579910e-01
   3.3965015e+03  -2.0586967e-01
   3.3966970e+03  -2.1302414e-01
   3.3968925e+03  -2.0096207e-01
   3.3970880e+03  -2.0035934e-01
   3.3972835e+03  -2.0344734e-01
   3.3974790e+03  -2.0250130e-01
   3.3976745e+03  -2.0772362e-01
   3.3978700e+03  -2.1610451e-01
   3.3980655e+03  -2.0665169e-01
   3.3982610e+03  -2.0391846e-01
   3.3984565e+03  -2.0573616e-01
   3.3986520e+03  -2.0849609e-01
   3.3988475e+03  -2.1150970e-01
   3.3990430e+03  -2.0977974e-01
   3.3992385e+03  -1.9874001e-01
   3.3994340e+03  -2.0837593e-01
   3.3996295e+03  -1.9948006e-01
   3.3998250e+03  -2.1016884e-01
   3.4000205e+03  -2.1234703e-01
   3.4002160e+03  -2.0750809e-01
   3.4004115e+03  -2.0335197e-01
   3.4006070e+03  -2.0473099e-01
   3.4008025e+03  -1.9043922e-01
   3.4009980e+03  -2.0487404e-01
   3.4011935e+03  -2.1014214e-01
   3.4013891e+03  -2.1465302e-01
   3.4015846e+03  -2.0749092e-01
   3.4017801e+03  -2.0091629e-01
   3.4019756e+03  -2.0345879e-01
   3.4021711e+03  -2.0694923e-01
   3.4023666e+03  -1.9394875e-01
   3.4025621e+03  -2.0289230e-01
   3.4027576e+03  -2.0218277e-01
   3.4029531e+03  -2.0117569e-01
   3.4031486e+03  -2.0255280e-01
   3.4033441e+03  -2.0308113e-01
   3.4035396e+03  -2.1163559e-01
   3.4037351e+03  -2.0660591e-01
   3.4039306e+03  -2.0168304e-01
   3.4041261e+03  -1.9639206e-01
   3.4043216e+03  -1.9830704e-01
   3.4045171e+03  -2.0761108e-01
   3.4047126e+03  -2.0672226e-01
   3.4049081e+03  -2.0464706e-01
   3.4051036e+03  -2.0998764e-01
   3.4052991e+03  -2.1756363e-01
   3.4054946e+03  -2.0007706e-01
   3.4056901e+03  -2.0148849e-01
   3.4058856e+03  -2.0374489e-01
   3.4060811e+03  -1.9794083e-01
   3.4062766e+03  -2.0264053e-01
   3.4064721e+03  -2.0665550e-01
   3.4066676e+03  -1.9940567e-01
   3.4068631e+03  -2.0885277e-01
   3.4070587e+03  -2.0232582e-01
   3.4072542e+03  -2.0467186e-01
   3.4074497e+03  -2.0394897e-01
   3.4076452e+03  -2.0684242e-01
   3.4078407e+03  -2.0485115e-01
   3.4080362e+03  -2.0211029e-01
   3.4082317e+03  -2.1052361e-01
   3.4084272e+03  -1.9926643e-01
   3.4086227e+03  -2.0977783e-01
   3.4088182e+03  -2.0126915e-01
   3.4090137e+03  -2.0848274e-01
   3.4092092e+03  -2.1451378e-01
   3.4094047e+03  -2.0457458e-01
   3.4096002e+03  -2.0853424e-01
   3.4097957e+03  -2.0715332e-01
   3.4099912e+03  -2.0948219e-01
   3.4101867e+03  -2.0515060e-01
   3.4103822e+03  -2.1168137e-01
   3.4105777e+03  -2.0610046e-01
   3.4107732e+03  -1.9559669e-01
   3.4109687e+03  -2.0340347e-01
   3.4111642e+03  -2.0918846e-01
   3.4113597e+03  -2.0434570e-01
   3.4115552e+03  -2.1044159e-01
   3.4117507e+03  -2.0706558e-01
   3.4119462e+03  -2.0626259e-01
   3.4121417e+03  -2.0678139e-01
   3.4123372e+03  -2.1179581e-01
   3.4125327e+03  -2.0886612e-01
   3.4127283e+03  -1.9806480e-01
   3.4129238e+03  -2.1083069e-01
   3.4131193e+03  -2.0175552e-01
   3.4133148e+03  -2.1098709e-01
   3.4135103e+03  -2.0297050e-01
   3.4137058e+03  -2.0942688e-01
   3.4139013e+03  -2.0480347e-01
   3.4140968e+03  -2.0611191e-01
   3.4142923e+03  -2.1114159e-01
   3.4144878e+03  -2.1009827e-01
   3.4146833e+03  -2.1307373e-01
   3.4148788e+03  -2.0498657e-01
   3.4150743e+03  -2.1026421e-01
   3.4152698e+03  -2.0493507e-01
   3.4154653e+03  -2.0441628e-01
   3.4156608e+03  -2.0255470e-01
   3.4158563e+03  -1.9906807e-01
   3.4160518e+03  -2.0172882e-01
   3.4162473e+03  -2.0598030e-01
   3.4164428e+03  -2.1170998e-01
   3.4166383e+03  -1.9989204e-01
   3.4168338e+03  -2.0548248e-01
   3.4170293e+03  -1.9979095e-01
   3.4172248e+03  -2.0697403e-01
   3.4174203e+03  -2.0614815e-01
   3.4176158e+03  -2.0465469e-01
   3.4178113e+03  -2.0765877e-01
   3.4180068e+03  -1.9582367e-01
   3.4182023e+03  -2.0627975e-01
   3.4183978e+03  -2.1054268e-01
   3.4185934e+03  -2.0624542e-01
   3.4187889e+03  -2.0709610e-01
   3.4189844e+03  -2.0248985e-01
   3.4191799e+03  -1.9776535e-01
   3.4193754e+03  -2.0412445e-01
   3.4195709e+03  -2.0808411e-01
   3.4197664e+03  -2.0042419e-01
   3.4199619e+03  -2.0607758e-01
   3.4201574e+03  -1.9397926e-01
   3.4203529e+03  -2.0640564e-01
   3.4205484e+03  -2.0851517e-01
   3.4207439e+03  -2.0404816e-01
   3.4209394e+03  -2.0546532e-01
   3.4211349e+03  -1.9747925e-01
   3.4213304e+03  -1.9972420e-01
   3.4215259e+03  -2.0496559e-01
   3.4217214e+03  -2.0507812e-01
   3.4219169e+03  -2.0761299e-01
   3.4221124e+03  -2.0905876e-01
   3.4223079e+03  -2.1388054e-01
   3.4225034e+03  -2.0742416e-01
   3.4226989e+03  -2.0687866e-01
   3.4228944e+03  -2.0979500e-01
   3.4230899e+03  -2.0605850e-01
   3.4232854e+03  -2.0888329e-01
   3.4234809e+03  -2.0961952e-01
   3.4236764e+03  -2.0828819e-01
   3.4238719e+03  -2.0866013e-01
   3.4240674e+03  -2.0707703e-01
   3.4242630e+03  -2.0621872e-01
   3.4244585e+03  -2.0506477e-01
   3.4246540e+03  -2.0442009e-01
   3.4248495e+03  -2.0429420e-01
   3.4250450e+03  -2.0689964e-01
   3.4252405e+03  -2.0324516e-01
   3.4254360e+03  -2.0271492e-01
   3.4256315e+03  -2.0590973e-01
   3.4258270e+03  -2.1533012e-01
   3.4260225e+03  -2.0708466e-01
   3.4262180e+03  -2.0698547e-01
   3.4264135e+03  -2.0918846e-01
   3.4266090e+03  -2.0480347e-01
   3.4268045e+03  -2.0136452e-01
   3.4270000e+03  -2.0761490e-01
