  -1.2000000e+02  -4.3649208e+05   0.0000000e+00
  -1.1200000e+02  -4.3634923e+05   0.0000000e+00
  -1.0400000e+02  -4.3620642e+05   0.0000000e+00
  -9.6000000e+01  -4.3606366e+05   0.0000000e+00
  -8.8000000e+01  -4.3592095e+05   0.0000000e+00
  -8.0000000e+01  -4.3577828e+05   0.0000000e+00
  -7.2000000e+01  -4.3563566e+05   0.0000000e+00
  -6.4000000e+01  -4.3549309e+05   0.0000000e+00
  -5.6000000e+01  -4.3535057e+05   0.0000000e+00
  -4.8000000e+01  -4.3520809e+05   0.0000000e+00
  -4.0000000e+01  -4.3506565e+05   0.0000000e+00
  -3.2000000e+01  -4.3492327e+05   0.0000000e+00
  -2.4000000e+01  -4.3478093e+05   0.0000000e+00
  -1.6000000e+01  -4.3463864e+05   0.0000000e+00
  -8.0000000e+00  -4.3449639e+05   0.0000000e+00
   0.0000000e+00  -4.3435419e+05   0.0000000e+00
   8.0000000e+00  -4.3421204e+05   0.0000000e+00
   1.6000000e+01  -4.3406993e+05   0.0000000e+00
   2.4000000e+01  -4.3392787e+05   0.0000000e+00
   3.2000000e+01  -4.3378586e+05   0.0000000e+00
   4.0000000e+01  -4.3364389e+05   0.0000000e+00
   4.8000000e+01  -4.3350197e+05   0.0000000e+00
   5.6000000e+01  -4.3336009e+05   0.0000000e+00
   6.4000000e+01  -4.3321827e+05   0.0000000e+00
   7.2000000e+01  -4.3307649e+05   0.0000000e+00
   8.0000000e+01  -4.3293475e+05   0.0000000e+00
   8.8000000e+01  -4.3279306e+05   0.0000000e+00
   9.6000000e+01  -4.3265142e+05   0.0000000e+00
   1.0400000e+02  -4.3250982e+05   0.0000000e+00
   1.1200000e+02  -4.3236827e+05   0.0000000e+00
   1.2000000e+02  -4.3222677e+05   0.0000000e+00
   1.2800000e+02  -4.3208531e+05   0.0000000e+00
   1.3600000e+02  -4.3194390e+05   0.0000000e+00
   1.4400000e+02  -4.3180254e+05   0.0000000e+00
   1.5200000e+02  -4.3166122e+05   0.0000000e+00
   1.6000000e+02  -4.3151995e+05   0.0000000e+00
   1.6800000e+02  -4.3137872e+05   0.0000000e+00
   1.7600000e+02  -4.3123754e+05   0.0000000e+00
   1.8400000e+02  -4.3109641e+05   0.0000000e+00
   1.9200000e+02  -4.3095532e+05   0.0000000e+00
   2.0000000e+02  -4.3081428e+05   0.0000000e+00
   2.0800000e+02  -4.3067329e+05   0.0000000e+00
   2.1600000e+02  -4.3053234e+05   0.0000000e+00
   2.2400000e+02  -4.3039144e+05   0.0000000e+00
   2.3200000e+02  -4.3025058e+05   0.0000000e+00
   2.4000000e+02  -4.3010977e+05   0.0000000e+00
   2.4800000e+02  -4.2996901e+05   0.0000000e+00
   2.5600000e+02  -4.2982829e+05   0.0000000e+00
   2.6400000e+02  -4.2968762e+05   0.0000000e+00
   2.7200000e+02  -4.2954699e+05   0.0000000e+00
   2.8000000e+02  -4.2940641e+05   0.0000000e+00
   2.8800000e+02  -4.2926588e+05   0.0000000e+00
   2.9600000e+02  -4.2912539e+05   0.0000000e+00
   3.0400000e+02  -4.2898495e+05   0.0000000e+00
   3.1200000e+02  -4.2884455e+05   0.0000000e+00
   3.2000000e+02  -4.2870420e+05   0.0000000e+00
   3.2800000e+02  -4.2856390e+05   0.0000000e+00
   3.3600000e+02  -4.2842364e+05   0.0000000e+00
   3.4400000e+02  -4.2828343e+05   0.0000000e+00
   3.5200000e+02  -4.2814326e+05   0.0000000e+00
   3.6000000e+02  -4.2800314e+05   0.0000000e+00
   3.6800000e+02  -4.2786307e+05   0.0000000e+00
   3.7600000e+02  -4.2772304e+05   0.0000000e+00
   3.8400000e+02  -4.2758306e+05   0.0000000e+00
   3.9200000e+02  -4.2744312e+05   0.0000000e+00
   4.0000000e+02  -4.2730323e+05   0.0000000e+00
   4.0800000e+02  -4.2716338e+05   0.0000000e+00
   4.1600000e+02  -4.2702358e+05   0.0000000e+00
   4.2400000e+02  -4.2688383e+05   0.0000000e+00
   4.3200000e+02  -4.2674412e+05   0.0000000e+00
   4.4000000e+02  -4.2660446e+05   0.0000000e+00
   4.4800000e+02  -4.2646484e+05   0.0000000e+00
   4.5600000e+02  -4.2632527e+05   0.0000000e+00
   4.6400000e+02  -4.2618574e+05   0.0000000e+00
   4.7200000e+02  -4.2604626e+05   0.0000000e+00
   4.8000000e+02  -4.2590683e+05   0.0000000e+00
   4.8800000e+02  -4.2576744e+05   0.0000000e+00
   4.9600000e+02  -4.2562810e+05   0.0000000e+00
   5.0400000e+02  -4.2548880e+05   0.0000000e+00
   5.1200000e+02  -4.2534955e+05   0.0000000e+00
   5.2000000e+02  -4.2521034e+05   0.0000000e+00
   5.2800000e+02  -4.2507118e+05   0.0000000e+00
   5.3600000e+02  -4.2493207e+05   0.0000000e+00
   5.4400000e+02  -4.2479300e+05   0.0000000e+00
   5.5200000e+02  -4.2465397e+05   0.0000000e+00
   5.6000000e+02  -4.2451500e+05   0.0000000e+00
   5.6800000e+02  -4.2437606e+05   0.0000000e+00
   5.7600000e+02  -4.2423718e+05   0.0000000e+00
   5.8400000e+02  -4.2409833e+05   0.0000000e+00
   5.9200000e+02  -4.2395954e+05   0.0000000e+00
   6.0000000e+02  -4.2382079e+05   0.0000000e+00
   6.0800000e+02  -4.2368208e+05   0.0000000e+00
   6.1600000e+02  -4.2354342e+05   0.0000000e+00
   6.2400000e+02  -4.2340480e+05   0.0000000e+00
   6.3200000e+02  -4.2326623e+05   0.0000000e+00
   6.4000000e+02  -4.2312771e+05   0.0000000e+00
   6.4800000e+02  -4.2298923e+05   0.0000000e+00
   6.5600000e+02  -4.2285080e+05   0.0000000e+00
   6.6400000e+02  -4.2271241e+05   0.0000000e+00
   6.7200000e+02  -4.2257407e+05   0.0000000e+00
   6.8000000e+02  -4.2243577e+05   0.0000000e+00
   6.8800000e+02  -4.2229752e+05   0.0000000e+00
   6.9600000e+02  -4.2215931e+05   0.0000000e+00
   7.0400000e+02  -4.2202115e+05   0.0000000e+00
   7.1200000e+02  -4.2188303e+05   0.0000000e+00
   7.2000000e+02  -4.2174496e+05   0.0000000e+00
   7.2800000e+02  -4.2160693e+05   0.0000000e+00
   7.3600000e+02  -4.2146895e+05   0.0000000e+00
   7.4400000e+02  -4.2133101e+05   0.0000000e+00
   7.5200000e+02  -4.2119312e+05   0.0000000e+00
   7.6000000e+02  -4.2105528e+05   0.0000000e+00
   7.6800000e+02  -4.2091748e+05   0.0000000e+00
   7.7600000e+02  -4.2077972e+05   0.0000000e+00
   7.8400000e+02  -4.2064201e+05   0.0000000e+00
   7.9200000e+02  -4.2050435e+05   0.0000000e+00
   8.0000000e+02  -4.2036673e+05   0.0000000e+00
   8.0800000e+02  -4.2022915e+05   0.0000000e+00
   8.1600000e+02  -4.2009162e+05   0.0000000e+00
   8.2400000e+02  -4.1995413e+05   0.0000000e+00
   8.3200000e+02  -4.1981669e+05   0.0000000e+00
   8.4000000e+02  -4.1967930e+05   0.0000000e+00
   8.4800000e+02  -4.1954195e+05   0.0000000e+00
   8.5600000e+02  -4.1940464e+05   0.0000000e+00
   8.6400000e+02  -4.1926738e+05   0.0000000e+00
   8.7200000e+02  -4.1913017e+05   0.0000000e+00
   8.8000000e+02  -4.1899300e+05   0.0000000e+00
   8.8800000e+02  -4.1885587e+05   0.0000000e+00
   8.9600000e+02  -4.1871879e+05   0.0000000e+00
   9.0400000e+02  -4.1858175e+05   0.0000000e+00
   9.1200000e+02  -4.1844476e+05   0.0000000e+00
