  -1.2000000e+02  -4.9559275e+05   0.0000000e+00
  -1.1200000e+02  -4.9542046e+05   0.0000000e+00
  -1.0400000e+02  -4.9524823e+05   0.0000000e+00
  -9.6000000e+01  -4.9507606e+05   0.0000000e+00
  -8.8000000e+01  -4.9490394e+05   0.0000000e+00
  -8.0000000e+01  -4.9473189e+05   0.0000000e+00
  -7.2000000e+01  -4.9455990e+05   0.0000000e+00
  -6.4000000e+01  -4.9438796e+05   0.0000000e+00
  -5.6000000e+01  -4.9421609e+05   0.0000000e+00
  -4.8000000e+01  -4.9404428e+05   0.0000000e+00
  -4.0000000e+01  -4.9387252e+05   0.0000000e+00
  -3.2000000e+01  -4.9370083e+05   0.0000000e+00
  -2.4000000e+01  -4.9352919e+05   0.0000000e+00
  -1.6000000e+01  -4.9335762e+05   0.0000000e+00
  -8.0000000e+00  -4.9318610e+05   0.0000000e+00
   0.0000000e+00  -4.9301465e+05   0.0000000e+00
   8.0000000e+00  -4.9284325e+05   0.0000000e+00
   1.6000000e+01  -4.9267191e+05   0.0000000e+00
   2.4000000e+01  -4.9250064e+05   0.0000000e+00
   3.2000000e+01  -4.9232942e+05   0.0000000e+00
   4.0000000e+01  -4.9215826e+05   0.0000000e+00
   4.8000000e+01  -4.9198716e+05   0.0000000e+00
   5.6000000e+01  -4.9181612e+05   0.0000000e+00
   6.4000000e+01  -4.9164514e+05   0.0000000e+00
   7.2000000e+01  -4.9147422e+05   0.0000000e+00
   8.0000000e+01  -4.9130336e+05   0.0000000e+00
   8.8000000e+01  -4.9113256e+05   0.0000000e+00
   9.6000000e+01  -4.9096182e+05   0.0000000e+00
   1.0400000e+02  -4.9079114e+05   0.0000000e+00
   1.1200000e+02  -4.9062051e+05   0.0000000e+00
   1.2000000e+02  -4.9044995e+05   0.0000000e+00
   1.2800000e+02  -4.9027944e+05   0.0000000e+00
   1.3600000e+02  -4.9010900e+05   0.0000000e+00
   1.4400000e+02  -4.8993861e+05   0.0000000e+00
   1.5200000e+02  -4.8976829e+05   0.0000000e+00
   1.6000000e+02  -4.8959802e+05   0.0000000e+00
   1.6800000e+02  -4.8942781e+05   0.0000000e+00
   1.7600000e+02  -4.8925766e+05   0.0000000e+00
   1.8400000e+02  -4.8908757e+05   0.0000000e+00
   1.9200000e+02  -4.8891754e+05   0.0000000e+00
   2.0000000e+02  -4.8874757e+05   0.0000000e+00
   2.0800000e+02  -4.8857766e+05   0.0000000e+00
   2.1600000e+02  -4.8840780e+05   0.0000000e+00
   2.2400000e+02  -4.8823801e+05   0.0000000e+00
   2.3200000e+02  -4.8806827e+05   0.0000000e+00
   2.4000000e+02  -4.8789859e+05   0.0000000e+00
   2.4800000e+02  -4.8772898e+05   0.0000000e+00
   2.5600000e+02  -4.8755942e+05   0.0000000e+00
   2.6400000e+02  -4.8738992e+05   0.0000000e+00
   2.7200000e+02  -4.8722048e+05   0.0000000e+00
   2.8000000e+02  -4.8705110e+05   0.0000000e+00
   2.8800000e+02  -4.8688177e+05   0.0000000e+00
   2.9600000e+02  -4.8671251e+05   0.0000000e+00
   3.0400000e+02  -4.8654330e+05   0.0000000e+00
   3.1200000e+02  -4.8637416e+05   0.0000000e+00
   3.2000000e+02  -4.8620507e+05   0.0000000e+00
   3.2800000e+02  -4.8603604e+05   0.0000000e+00
   3.3600000e+02  -4.8586707e+05   0.0000000e+00
   3.4400000e+02  -4.8569816e+05   0.0000000e+00
   3.5200000e+02  -4.8552931e+05   0.0000000e+00
   3.6000000e+02  -4.8536051e+05   0.0000000e+00
   3.6800000e+02  -4.8519178e+05   0.0000000e+00
   3.7600000e+02  -4.8502310e+05   0.0000000e+00
   3.8400000e+02  -4.8485448e+05   0.0000000e+00
   3.9200000e+02  -4.8468592e+05   0.0000000e+00
   4.0000000e+02  -4.8451742e+05   0.0000000e+00
   4.0800000e+02  -4.8434898e+05   0.0000000e+00
   4.1600000e+02  -4.8418060e+05   0.0000000e+00
   4.2400000e+02  -4.8401227e+05   0.0000000e+00
   4.3200000e+02  -4.8384401e+05   0.0000000e+00
   4.4000000e+02  -4.8367580e+05   0.0000000e+00
   4.4800000e+02  -4.8350765e+05   0.0000000e+00
   4.5600000e+02  -4.8333956e+05   0.0000000e+00
   4.6400000e+02  -4.8317152e+05   0.0000000e+00
   4.7200000e+02  -4.8300355e+05   0.0000000e+00
   4.8000000e+02  -4.8283563e+05   0.0000000e+00
   4.8800000e+02  -4.8266778e+05   0.0000000e+00
   4.9600000e+02  -4.8249998e+05   0.0000000e+00
   5.0400000e+02  -4.8233224e+05   0.0000000e+00
   5.1200000e+02  -4.8216455e+05   0.0000000e+00
   5.2000000e+02  -4.8199693e+05   0.0000000e+00
   5.2800000e+02  -4.8182936e+05   0.0000000e+00
   5.3600000e+02  -4.8166186e+05   0.0000000e+00
   5.4400000e+02  -4.8149441e+05   0.0000000e+00
   5.5200000e+02  -4.8132702e+05   0.0000000e+00
   5.6000000e+02  -4.8115968e+05   0.0000000e+00
   5.6800000e+02  -4.8099241e+05   0.0000000e+00
   5.7600000e+02  -4.8082519e+05   0.0000000e+00
   5.8400000e+02  -4.8065803e+05   0.0000000e+00
   5.9200000e+02  -4.8049093e+05   0.0000000e+00
   6.0000000e+02  -4.8032389e+05   0.0000000e+00
   6.0800000e+02  -4.8015690e+05   0.0000000e+00
   6.1600000e+02  -4.7998998e+05   0.0000000e+00
   6.2400000e+02  -4.7982311e+05   0.0000000e+00
   6.3200000e+02  -4.7965630e+05   0.0000000e+00
   6.4000000e+02  -4.7948955e+05   0.0000000e+00
   6.4800000e+02  -4.7932285e+05   0.0000000e+00
   6.5600000e+02  -4.7915622e+05   0.0000000e+00
   6.6400000e+02  -4.7898964e+05   0.0000000e+00
   6.7200000e+02  -4.7882312e+05   0.0000000e+00
   6.8000000e+02  -4.7865666e+05   0.0000000e+00
   6.8800000e+02  -4.7849025e+05   0.0000000e+00
   6.9600000e+02  -4.7832390e+05   0.0000000e+00
   7.0400000e+02  -4.7815762e+05   0.0000000e+00
   7.1200000e+02  -4.7799138e+05   0.0000000e+00
   7.2000000e+02  -4.7782521e+05   0.0000000e+00
   7.2800000e+02  -4.7765910e+05   0.0000000e+00
   7.3600000e+02  -4.7749304e+05   0.0000000e+00
   7.4400000e+02  -4.7732704e+05   0.0000000e+00
   7.5200000e+02  -4.7716109e+05   0.0000000e+00
   7.6000000e+02  -4.7699521e+05   0.0000000e+00
   7.6800000e+02  -4.7682938e+05   0.0000000e+00
   7.7600000e+02  -4.7666361e+05   0.0000000e+00
   7.8400000e+02  -4.7649790e+05   0.0000000e+00
   7.9200000e+02  -4.7633225e+05   0.0000000e+00
   8.0000000e+02  -4.7616665e+05   0.0000000e+00
   8.0800000e+02  -4.7600111e+05   0.0000000e+00
   8.1600000e+02  -4.7583563e+05   0.0000000e+00
   8.2400000e+02  -4.7567021e+05   0.0000000e+00
   8.3200000e+02  -4.7550484e+05   0.0000000e+00
   8.4000000e+02  -4.7533953e+05   0.0000000e+00
   8.4800000e+02  -4.7517428e+05   0.0000000e+00
   8.5600000e+02  -4.7500909e+05   0.0000000e+00
   8.6400000e+02  -4.7484395e+05   0.0000000e+00
   8.7200000e+02  -4.7467887e+05   0.0000000e+00
   8.8000000e+02  -4.7451385e+05   0.0000000e+00
   8.8800000e+02  -4.7434888e+05   0.0000000e+00
   8.9600000e+02  -4.7418398e+05   0.0000000e+00
   9.0400000e+02  -4.7401913e+05   0.0000000e+00
   9.1200000e+02  -4.7385433e+05   0.0000000e+00
