  -1.2000000e+02  -8.4363579e+05   0.0000000e+00
  -1.1200000e+02  -8.4345969e+05   0.0000000e+00
  -1.0400000e+02  -8.4328363e+05   0.0000000e+00
  -9.6000000e+01  -8.4310761e+05   0.0000000e+00
  -8.8000000e+01  -8.4293162e+05   0.0000000e+00
  -8.0000000e+01  -8.4275568e+05   0.0000000e+00
  -7.2000000e+01  -8.4257976e+05   0.0000000e+00
  -6.4000000e+01  -8.4240389e+05   0.0000000e+00
  -5.6000000e+01  -8.4222805e+05   0.0000000e+00
  -4.8000000e+01  -8.4205224e+05   0.0000000e+00
  -4.0000000e+01  -8.4187648e+05   0.0000000e+00
  -3.2000000e+01  -8.4170075e+05   0.0000000e+00
  -2.4000000e+01  -8.4152506e+05   0.0000000e+00
  -1.6000000e+01  -8.4134940e+05   0.0000000e+00
  -8.0000000e+00  -8.4117378e+05   0.0000000e+00
   0.0000000e+00  -8.4099820e+05   0.0000000e+00
   8.0000000e+00  -8.4082265e+05   0.0000000e+00
   1.6000000e+01  -8.4064715e+05   0.0000000e+00
   2.4000000e+01  -8.4047167e+05   0.0000000e+00
   3.2000000e+01  -8.4029624e+05   0.0000000e+00
   4.0000000e+01  -8.4012084e+05   0.0000000e+00
   4.8000000e+01  -8.3994548e+05   0.0000000e+00
   5.6000000e+01  -8.3977015e+05   0.0000000e+00
   6.4000000e+01  -8.3959486e+05   0.0000000e+00
   7.2000000e+01  -8.3941961e+05   0.0000000e+00
   8.0000000e+01  -8.3924439e+05   0.0000000e+00
   8.8000000e+01  -8.3906921e+05   0.0000000e+00
   9.6000000e+01  -8.3889407e+05   0.0000000e+00
   1.0400000e+02  -8.3871896e+05   0.0000000e+00
   1.1200000e+02  -8.3854389e+05   0.0000000e+00
   1.2000000e+02  -8.3836886e+05   0.0000000e+00
   1.2800000e+02  -8.3819386e+05   0.0000000e+00
   1.3600000e+02  -8.3801890e+05   0.0000000e+00
   1.4400000e+02  -8.3784398e+05   0.0000000e+00
   1.5200000e+02  -8.3766909e+05   0.0000000e+00
   1.6000000e+02  -8.3749424e+05   0.0000000e+00
   1.6800000e+02  -8.3731942e+05   0.0000000e+00
   1.7600000e+02  -8.3714465e+05   0.0000000e+00
   1.8400000e+02  -8.3696990e+05   0.0000000e+00
   1.9200000e+02  -8.3679520e+05   0.0000000e+00
   2.0000000e+02  -8.3662053e+05   0.0000000e+00
   2.0800000e+02  -8.3644590e+05   0.0000000e+00
   2.1600000e+02  -8.3627130e+05   0.0000000e+00
   2.2400000e+02  -8.3609674e+05   0.0000000e+00
   2.3200000e+02  -8.3592222e+05   0.0000000e+00
   2.4000000e+02  -8.3574774e+05   0.0000000e+00
   2.4800000e+02  -8.3557329e+05   0.0000000e+00
   2.5600000e+02  -8.3539887e+05   0.0000000e+00
   2.6400000e+02  -8.3522450e+05   0.0000000e+00
   2.7200000e+02  -8.3505015e+05   0.0000000e+00
   2.8000000e+02  -8.3487585e+05   0.0000000e+00
   2.8800000e+02  -8.3470158e+05   0.0000000e+00
   2.9600000e+02  -8.3452735e+05   0.0000000e+00
   3.0400000e+02  -8.3435316e+05   0.0000000e+00
   3.1200000e+02  -8.3417900e+05   0.0000000e+00
   3.2000000e+02  -8.3400487e+05   0.0000000e+00
   3.2800000e+02  -8.3383079e+05   0.0000000e+00
   3.3600000e+02  -8.3365674e+05   0.0000000e+00
   3.4400000e+02  -8.3348273e+05   0.0000000e+00
   3.5200000e+02  -8.3330875e+05   0.0000000e+00
   3.6000000e+02  -8.3313481e+05   0.0000000e+00
   3.6800000e+02  -8.3296090e+05   0.0000000e+00
   3.7600000e+02  -8.3278704e+05   0.0000000e+00
   3.8400000e+02  -8.3261320e+05   0.0000000e+00
   3.9200000e+02  -8.3243941e+05   0.0000000e+00
   4.0000000e+02  -8.3226565e+05   0.0000000e+00
   4.0800000e+02  -8.3209193e+05   0.0000000e+00
   4.1600000e+02  -8.3191824e+05   0.0000000e+00
   4.2400000e+02  -8.3174459e+05   0.0000000e+00
   4.3200000e+02  -8.3157097e+05   0.0000000e+00
   4.4000000e+02  -8.3139740e+05   0.0000000e+00
   4.4800000e+02  -8.3122385e+05   0.0000000e+00
   4.5600000e+02  -8.3105035e+05   0.0000000e+00
   4.6400000e+02  -8.3087688e+05   0.0000000e+00
   4.7200000e+02  -8.3070345e+05   0.0000000e+00
   4.8000000e+02  -8.3053005e+05   0.0000000e+00
   4.8800000e+02  -8.3035669e+05   0.0000000e+00
   4.9600000e+02  -8.3018336e+05   0.0000000e+00
   5.0400000e+02  -8.3001008e+05   0.0000000e+00
   5.1200000e+02  -8.2983682e+05   0.0000000e+00
   5.2000000e+02  -8.2966361e+05   0.0000000e+00
   5.2800000e+02  -8.2949043e+05   0.0000000e+00
   5.3600000e+02  -8.2931728e+05   0.0000000e+00
   5.4400000e+02  -8.2914418e+05   0.0000000e+00
   5.5200000e+02  -8.2897111e+05   0.0000000e+00
   5.6000000e+02  -8.2879807e+05   0.0000000e+00
   5.6800000e+02  -8.2862507e+05   0.0000000e+00
   5.7600000e+02  -8.2845211e+05   0.0000000e+00
   5.8400000e+02  -8.2827918e+05   0.0000000e+00
   5.9200000e+02  -8.2810629e+05   0.0000000e+00
   6.0000000e+02  -8.2793344e+05   0.0000000e+00
   6.0800000e+02  -8.2776062e+05   0.0000000e+00
   6.1600000e+02  -8.2758783e+05   0.0000000e+00
   6.2400000e+02  -8.2741509e+05   0.0000000e+00
   6.3200000e+02  -8.2724238e+05   0.0000000e+00
   6.4000000e+02  -8.2706970e+05   0.0000000e+00
   6.4800000e+02  -8.2689706e+05   0.0000000e+00
   6.5600000e+02  -8.2672446e+05   0.0000000e+00
   6.6400000e+02  -8.2655190e+05   0.0000000e+00
   6.7200000e+02  -8.2637936e+05   0.0000000e+00
   6.8000000e+02  -8.2620687e+05   0.0000000e+00
   6.8800000e+02  -8.2603441e+05   0.0000000e+00
   6.9600000e+02  -8.2586199e+05   0.0000000e+00
   7.0400000e+02  -8.2568960e+05   0.0000000e+00
   7.1200000e+02  -8.2551725e+05   0.0000000e+00
   7.2000000e+02  -8.2534494e+05   0.0000000e+00
   7.2800000e+02  -8.2517266e+05   0.0000000e+00
   7.3600000e+02  -8.2500042e+05   0.0000000e+00
   7.4400000e+02  -8.2482821e+05   0.0000000e+00
   7.5200000e+02  -8.2465604e+05   0.0000000e+00
   7.6000000e+02  -8.2448391e+05   0.0000000e+00
   7.6800000e+02  -8.2431181e+05   0.0000000e+00
   7.7600000e+02  -8.2413975e+05   0.0000000e+00
   7.8400000e+02  -8.2396772e+05   0.0000000e+00
   7.9200000e+02  -8.2379573e+05   0.0000000e+00
   8.0000000e+02  -8.2362377e+05   0.0000000e+00
   8.0800000e+02  -8.2345185e+05   0.0000000e+00
   8.1600000e+02  -8.2327997e+05   0.0000000e+00
   8.2400000e+02  -8.2310812e+05   0.0000000e+00
   8.3200000e+02  -8.2293631e+05   0.0000000e+00
   8.4000000e+02  -8.2276454e+05   0.0000000e+00
   8.4800000e+02  -8.2259280e+05   0.0000000e+00
   8.5600000e+02  -8.2242109e+05   0.0000000e+00
   8.6400000e+02  -8.2224942e+05   0.0000000e+00
   8.7200000e+02  -8.2207779e+05   0.0000000e+00
   8.8000000e+02  -8.2190619e+05   0.0000000e+00
   8.8800000e+02  -8.2173463e+05   0.0000000e+00
   8.9600000e+02  -8.2156311e+05   0.0000000e+00
   9.0400000e+02  -8.2139162e+05   0.0000000e+00
   9.1200000e+02  -8.2122017e+05   0.0000000e+00
