  -1.2000000e+02  -9.4688598e+05   4.2137394e+03
  -1.1200000e+02  -8.4153357e+05  -3.3802000e+03
  -1.0400000e+02  -8.4819765e+05  -1.5609337e+03
  -9.6000000e+01  -8.5851931e+05  -9.0167955e+02
  -8.8000000e+01  -8.6804796e+05   1.5389368e+03
  -8.0000000e+01  -8.8450556e+05  -1.6544823e+03
  -7.2000000e+01  -9.0613711e+05   1.3553335e+03
  -6.4000000e+01  -9.2744106e+05  -4.1895378e+03
  -5.6000000e+01  -9.5339559e+05  -3.5046222e+03
  -4.8000000e+01  -9.8080947e+05  -1.2155999e+03
  -4.0000000e+01  -1.0104675e+06  -1.6051238e+03
  -3.2000000e+01  -1.0390495e+06   9.2531267e+02
  -2.4000000e+01  -1.0586828e+06  -2.8799692e+01
  -1.6000000e+01  -1.0835309e+06   6.7679447e+03
  -8.0000000e+00  -1.0936656e+06   4.4986728e+03
   0.0000000e+00  -1.1093127e+06   1.5054309e+04
   8.0000000e+00  -1.1084694e+06   1.6377016e+04
   1.6000000e+01  -1.1017091e+06   1.3519485e+04
   2.4000000e+01  -1.0855741e+06   1.8206994e+04
   3.2000000e+01  -1.0686398e+06   1.9339382e+04
   4.0000000e+01  -1.0395108e+06   1.9002370e+04
   4.8000000e+01  -1.0185998e+06   9.9429756e+03
   5.6000000e+01  -9.9018569e+05   7.9116458e+03
   6.4000000e+01  -9.5603335e+05   7.4047139e+03
   7.2000000e+01  -9.3058532e+05   4.1668466e+03
   8.0000000e+01  -9.0734445e+05   2.2282789e+03
   8.8000000e+01  -8.8787857e+05   4.5325565e+03
   9.6000000e+01  -8.6908358e+05   8.4564715e+02
   1.0400000e+02  -8.5677241e+05  -6.7626535e+03
   1.1200000e+02  -8.4734789e+05  -2.1534512e+03
   1.2000000e+02  -8.4181661e+05  -2.0026072e+03
   1.2800000e+02  -8.3274949e+05  -3.6714771e+03
   1.3600000e+02  -8.3320009e+05   1.3134547e+03
   1.4400000e+02  -8.3108558e+05  -1.8228427e+03
   1.5200000e+02  -8.3139556e+05   6.1516261e+02
   1.6000000e+02  -8.3226906e+05   1.9590297e+03
   1.6800000e+02  -8.3268411e+05  -1.3691080e+03
   1.7600000e+02  -8.3853288e+05  -2.6941283e+03
   1.8400000e+02  -8.3774188e+05  -8.3273526e+02
   1.9200000e+02  -8.3966570e+05  -2.6721659e+03
   2.0000000e+02  -8.3752222e+05  -8.6144456e+02
   2.0800000e+02  -8.3885623e+05  -6.9199132e+02
   2.1600000e+02  -8.3989918e+05   5.4853311e+03
   2.2400000e+02  -8.4173403e+05   4.7856348e+02
   2.3200000e+02  -8.3455577e+05   6.1710924e+02
   2.4000000e+02  -8.3636377e+05   2.2515151e+03
   2.4800000e+02  -8.3774758e+05  -2.2687741e+03
   2.5600000e+02  -8.3409424e+05  -4.1299392e+03
   2.6400000e+02  -8.3040615e+05  -6.8225958e+03
   2.7200000e+02  -8.3265114e+05  -4.2927363e+03
   2.8000000e+02  -8.3245177e+05  -2.3170433e+03
   2.8800000e+02  -8.2573266e+05  -4.1339876e+03
   2.9600000e+02  -8.2688804e+05  -2.2916088e+03
   3.0400000e+02  -8.2776211e+05  -3.9149600e+03
   3.1200000e+02  -8.2549960e+05  -5.9159952e+03
   3.2000000e+02  -8.2488310e+05  -1.9032882e+03
   3.2800000e+02  -8.2433729e+05  -2.4900593e+03
   3.3600000e+02  -8.3159199e+05  -5.9909183e+03
   3.4400000e+02  -8.2695404e+05  -9.1169063e+02
   3.5200000e+02  -8.3020118e+05   1.6935250e+03
   3.6000000e+02  -8.2936611e+05  -4.7972594e+03
   3.6800000e+02  -8.2749801e+05   1.4909379e+02
   3.7600000e+02  -8.2797375e+05  -4.2903802e+03
   3.8400000e+02  -8.2680185e+05  -3.8997931e+03
   3.9200000e+02  -8.3331846e+05  -2.6103846e+03
   4.0000000e+02  -8.3177697e+05   2.5983609e+02
   4.0800000e+02  -8.3270323e+05   3.2525634e+02
   4.1600000e+02  -8.3314183e+05  -7.7542197e+02
   4.2400000e+02  -8.3270417e+05  -3.1589967e+03
   4.3200000e+02  -8.3110784e+05  -7.1179705e+03
   4.4000000e+02  -8.2971199e+05   2.4538620e+02
   4.4800000e+02  -8.3916072e+05  -5.6722937e+02
   4.5600000e+02  -8.3435102e+05   1.9055341e+02
   4.6400000e+02  -8.3067700e+05   2.6034581e+03
   4.7200000e+02  -8.3925190e+05  -4.7194210e+03
   4.8000000e+02  -8.3697006e+05  -1.0952671e+03
   4.8800000e+02  -8.3214111e+05  -2.6708987e+03
   4.9600000e+02  -8.3663433e+05  -5.8257639e+03
   5.0400000e+02  -8.2996406e+05  -1.7066555e+03
   5.1200000e+02  -8.3836795e+05  -9.1502592e+02
   5.2000000e+02  -8.2965444e+05  -2.3885230e+03
   5.2800000e+02  -8.3582918e+05  -1.1123286e+03
   5.3600000e+02  -8.3795166e+05  -4.8704566e+03
   5.4400000e+02  -8.3735496e+05  -8.0630528e+03
   5.5200000e+02  -8.3540497e+05  -3.5317404e+03
   5.6000000e+02  -8.3986091e+05  -6.7450694e+03
   5.6800000e+02  -8.3690420e+05   5.1604354e+02
   5.7600000e+02  -8.3394523e+05  -6.6449667e+03
   5.8400000e+02  -8.3842428e+05  -5.4856788e+03
   5.9200000e+02  -8.3717802e+05  -2.9568456e+03
   6.0000000e+02  -8.3981464e+05  -2.5853237e+03
   6.0800000e+02  -8.4001659e+05  -5.5010563e+03
   6.1600000e+02  -8.3367391e+05  -4.8809370e+01
   6.2400000e+02  -8.3430123e+05  -2.3422526e+03
   6.3200000e+02  -8.2846608e+05  -3.2592345e+03
   6.4000000e+02  -8.3273197e+05  -2.0875727e+03
   6.4800000e+02  -8.3210420e+05  -2.1103111e+03
   6.5600000e+02  -8.3526578e+05  -3.5174546e+03
   6.6400000e+02  -8.2803510e+05  -2.0464537e+03
   6.7200000e+02  -8.2391533e+05  -2.8202846e+03
   6.8000000e+02  -8.2819381e+05   1.7107875e+03
   6.8800000e+02  -8.3151793e+05  -1.9295226e+03
   6.9600000e+02  -8.2627863e+05  -4.4532833e+03
   7.0400000e+02  -8.2624687e+05  -2.8495530e+03
   7.1200000e+02  -8.2796072e+05   9.8685986e+02
   7.2000000e+02  -8.2315185e+05  -4.4088144e+03
   7.2800000e+02  -8.2289013e+05  -8.6277055e+02
   7.3600000e+02  -8.2220255e+05   2.9930487e+03
   7.4400000e+02  -8.2060526e+05   1.3842414e+03
   7.5200000e+02  -8.2058278e+05   1.7479919e+03
   7.6000000e+02  -8.1563467e+05  -5.9825756e+03
   7.6800000e+02  -8.2181791e+05  -4.4595291e+02
   7.7600000e+02  -8.1642795e+05   4.9069247e+02
   7.8400000e+02  -8.1665883e+05  -4.7153529e+02
   7.9200000e+02  -8.2434784e+05   1.9284063e+03
   8.0000000e+02  -8.2172012e+05  -2.2014092e+02
   8.0800000e+02  -8.1719375e+05   2.5094781e+01
   8.1600000e+02  -8.2077484e+05  -3.3680296e+03
   8.2400000e+02  -8.1904729e+05  -3.4963296e+03
   8.3200000e+02  -8.2112910e+05  -1.4141861e+02
   8.4000000e+02  -8.1728955e+05   1.5833938e+03
   8.4800000e+02  -8.1740823e+05   8.7980298e+02
   8.5600000e+02  -8.2112471e+05  -5.3028647e+03
   8.6400000e+02  -8.1484467e+05  -4.1211702e+03
   8.7200000e+02  -8.1414015e+05  -8.3760329e+02
   8.8000000e+02  -8.2066930e+05   5.6996881e+02
   8.8800000e+02  -8.2394332e+05  -8.7179171e+02
   8.9600000e+02  -8.2080616e+05  -5.1787811e+03
   9.0400000e+02  -8.1583264e+05  -4.1939999e+03
   9.1200000e+02  -8.1837376e+05  -1.2664609e+03
