   0.0000000e+00  -6.5818122e+05  -4.6411263e+03
   8.0000000e+00  -5.5831285e+05   1.3448986e+03
   1.6000000e+01  -5.6569690e+05  -2.1541790e+03
   2.4000000e+01  -5.6555137e+05  -1.7345372e+02
   3.2000000e+01  -5.7816672e+05  -3.2515758e+03
   4.0000000e+01  -5.7985585e+05   1.1244170e+03
   4.8000000e+01  -5.8903133e+05  -3.2659415e+03
   5.6000000e+01  -5.9595545e+05   1.6700475e+03
   6.4000000e+01  -6.1043738e+05  -3.4927045e+03
   7.2000000e+01  -6.1390512e+05  -1.5241788e+03
   8.0000000e+01  -6.1207978e+05  -1.0692343e+03
   8.8000000e+01  -6.2412235e+05   1.0645134e+03
   9.6000000e+01  -6.1342759e+05   4.0885997e+03
   1.0400000e+02  -6.2327168e+05   5.8357644e+03
   1.1200000e+02  -6.2416573e+05   7.8662168e+03
   1.2000000e+02  -6.2101474e+05   1.4691039e+04
   1.2800000e+02  -6.2184617e+05   1.6038876e+04
   1.3600000e+02  -6.1952646e+05   1.6318188e+04
   1.4400000e+02  -6.2352957e+05   1.6217631e+04
   1.5200000e+02  -6.2800056e+05   1.4636387e+04
   1.6000000e+02  -6.2397892e+05   1.2761684e+04
   1.6800000e+02  -6.1486781e+05   1.0165338e+04
   1.7600000e+02  -6.1464665e+05   7.8301672e+03
   1.8400000e+02  -6.0420478e+05   5.7363952e+03
   1.9200000e+02  -5.9990283e+05   1.2209543e+03
   2.0000000e+02  -5.8504448e+05   5.5711495e+03
   2.0800000e+02  -5.7993800e+05   2.7122550e+03
   2.1600000e+02  -5.7448486e+05   7.2984432e+03
   2.2400000e+02  -5.6423320e+05   1.2282765e+03
   2.3200000e+02  -5.6440813e+05  -6.2464141e+03
   2.4000000e+02  -5.6010186e+05   3.2757188e+03
   2.4800000e+02  -5.5904542e+05  -1.8123866e+03
   2.5600000e+02  -5.5094339e+05   1.3599603e+03
   2.6400000e+02  -5.4753110e+05  -7.9253668e+03
   2.7200000e+02  -5.4841342e+05   1.4512973e+03
   2.8000000e+02  -5.5112554e+05  -4.4285889e+03
   2.8800000e+02  -5.4657955e+05  -2.7400414e+03
   2.9600000e+02  -5.5073970e+05  -9.1904486e+02
   3.0400000e+02  -5.4417069e+05  -2.0185439e+03
   3.1200000e+02  -5.4662991e+05  -2.5645626e+03
   3.2000000e+02  -5.4713599e+05  -2.0368053e+03
   3.2800000e+02  -5.4962790e+05  -4.2595916e+03
   3.3600000e+02  -5.5070985e+05   1.3087735e+03
   3.4400000e+02  -5.4716853e+05   8.9962756e+02
   3.5200000e+02  -5.4631844e+05   1.9737223e+03
   3.6000000e+02  -5.4487351e+05  -2.6369963e+03
   3.6800000e+02  -5.4950696e+05   1.0775107e+03
   3.7600000e+02  -5.4775273e+05   2.1631479e+03
   3.8400000e+02  -5.5016042e+05  -1.4442987e+02
   3.9200000e+02  -5.4727754e+05  -4.0185679e+03
   4.0000000e+02  -5.5024558e+05   1.4424362e+03
   4.0800000e+02  -5.4481165e+05  -6.1797300e+03
   4.1600000e+02  -5.4855856e+05  -3.1595467e+03
   4.2400000e+02  -5.4491650e+05  -4.7736877e+03
   4.3200000e+02  -5.4450904e+05  -5.5731485e+02
   4.4000000e+02  -5.4262896e+05  -4.5089772e+02
   4.4800000e+02  -5.4532304e+05  -2.7987982e+03
   4.5600000e+02  -5.4558837e+05  -6.9422407e+02
   4.6400000e+02  -5.4037914e+05  -4.8631372e+03
   4.7200000e+02  -5.4211174e+05  -5.3673990e+02
   4.8000000e+02  -5.4446463e+05  -2.6518219e+03
   4.8800000e+02  -5.4251377e+05  -1.0996041e+02
   4.9600000e+02  -5.4622109e+05   1.4757899e+03
   5.0400000e+02  -5.4682381e+05  -3.6217950e+03
   5.1200000e+02  -5.4653745e+05  -1.5533833e+03
   5.2000000e+02  -5.4245226e+05   3.7148528e+02
   5.2800000e+02  -5.4199145e+05  -1.7889200e+03
   5.3600000e+02  -5.4688910e+05   6.2300153e+02
   5.4400000e+02  -5.4281042e+05  -5.3094128e+03
   5.5200000e+02  -5.4502075e+05  -3.5166575e+03
   5.6000000e+02  -5.4242507e+05  -1.5328524e+03
   5.6800000e+02  -5.4663645e+05   4.8608235e+03
   5.7600000e+02  -5.3253713e+05   1.0877637e+03
   5.8400000e+02  -5.4410057e+05  -2.9672414e+03
   5.9200000e+02  -5.4088038e+05  -2.2143323e+03
   6.0000000e+02  -5.4517196e+05   9.5915125e+01
   6.0800000e+02  -5.3781343e+05  -3.0993931e+02
   6.1600000e+02  -5.4108877e+05  -5.2485156e+03
   6.2400000e+02  -5.4259397e+05  -3.5523607e+03
   6.3200000e+02  -5.4393568e+05  -3.1937938e+03
   6.4000000e+02  -5.4931212e+05  -3.2154999e+03
   6.4800000e+02  -5.4629926e+05  -5.7256856e+02
   6.5600000e+02  -5.3840429e+05   3.0217338e+03
   6.6400000e+02  -5.4060661e+05   4.3222248e+02
   6.7200000e+02  -5.4760817e+05  -1.4123608e+03
   6.8000000e+02  -5.4230254e+05  -1.1559821e+03
   6.8800000e+02  -5.4733264e+05  -2.8530014e+03
   6.9600000e+02  -5.4443320e+05  -1.9650858e+03
   7.0400000e+02  -5.4229829e+05  -2.7320909e+03
   7.1200000e+02  -5.4137420e+05  -9.0965571e+02
   7.2000000e+02  -5.4659690e+05  -2.1176847e+02
   7.2800000e+02  -5.4377365e+05  -4.1533516e+03
   7.3600000e+02  -5.4263863e+05  -2.6599040e+03
   7.4400000e+02  -5.4330641e+05  -2.8155303e+02
   7.5200000e+02  -5.3874182e+05   4.5699590e+03
   7.6000000e+02  -5.4212530e+05  -8.0962506e+02
   7.6800000e+02  -5.4262396e+05  -1.0919726e+03
   7.7600000e+02  -5.4145474e+05  -1.0739095e+03
   7.8400000e+02  -5.3606408e+05  -4.5564897e+03
   7.9200000e+02  -5.3993881e+05  -3.9752174e+03
   8.0000000e+02  -5.3857085e+05   1.8942425e+03
   8.0800000e+02  -5.3763709e+05  -4.4437698e+03
   8.1600000e+02  -5.3586096e+05  -1.2302444e+03
   8.2400000e+02  -5.4085197e+05  -1.8495821e+03
   8.3200000e+02  -5.3741442e+05  -1.5937281e+03
   8.4000000e+02  -5.3909518e+05  -6.2938176e+01
   8.4800000e+02  -5.4000531e+05   1.3166362e+03
   8.5600000e+02  -5.3943422e+05  -3.0588976e+03
   8.6400000e+02  -5.3776620e+05  -1.3544268e+03
   8.7200000e+02  -5.3647838e+05   1.8276652e+03
   8.8000000e+02  -5.3688171e+05  -2.3765206e+02
   8.8800000e+02  -5.4485194e+05  -3.3242282e+03
   8.9600000e+02  -5.3417932e+05   1.7161534e+03
   9.0400000e+02  -5.3436169e+05  -5.2714463e+03
   9.1200000e+02  -5.3392729e+05  -1.7023539e+03
   9.2000000e+02  -5.3827791e+05  -1.4276432e+03
   9.2800000e+02  -5.4172778e+05   9.5373349e+02
   9.3600000e+02  -5.3425851e+05  -5.1454060e+03
   9.4400000e+02  -5.3617601e+05  -6.0455078e+03
   9.5200000e+02  -5.3161024e+05  -1.2810106e+03
   9.6000000e+02  -5.3412733e+05  -3.3095529e+03
   9.6800000e+02  -5.3659664e+05   4.4728872e+03
   9.7600000e+02  -5.3678822e+05  -4.7817255e+03
   9.8400000e+02  -5.3579179e+05  -3.6719982e+03
   9.9200000e+02  -5.3175436e+05  -1.8266864e+03
   1.0000000e+03  -5.3307576e+05  -1.0082893e+03
   1.0080000e+03  -5.3366795e+05   1.5393619e+03
   1.0160000e+03  -5.2957453e+05  -4.5281962e+03
   1.0240000e+03  -5.3759440e+05   1.6160960e+03
   1.0320000e+03  -5.3483153e+05  -4.7170269e+03
   1.0400000e+03  -5.3584281e+05  -3.0324929e+03
   1.0480000e+03  -5.3502377e+05   3.8899489e+02
   1.0560000e+03  -5.3185503e+05  -3.5018179e+03
   1.0640000e+03  -5.3409247e+05  -2.2474398e+02
   1.0720000e+03  -5.3651391e+05  -3.6812434e+03
   1.0800000e+03  -5.3124545e+05  -2.4804757e+03
   1.0880000e+03  -5.3813840e+05  -3.7260488e+03
   1.0960000e+03  -5.3322942e+05   3.3043369e+03
   1.1040000e+03  -5.3328328e+05  -2.3464065e+03
   1.1120000e+03  -5.3764367e+05  -5.4953790e+02
   1.1200000e+03  -5.3909558e+05  -3.0990673e+03
   1.1280000e+03  -5.3388095e+05  -4.9799308e+03
   1.1360000e+03  -5.3875380e+05   1.7929496e+03
   1.1440000e+03  -5.3539512e+05   2.4646251e+02
   1.1520000e+03  -5.3577419e+05   2.6991159e+03
   1.1600000e+03  -5.3710804e+05  -3.7986907e+03
   1.1680000e+03  -5.3482604e+05  -4.5580713e+03
   1.1760000e+03  -5.4085613e+05   2.7154957e+02
   1.1840000e+03  -5.3453183e+05  -4.1088039e+03
   1.1920000e+03  -5.3502910e+05   4.6104786e+02
   1.2000000e+03  -5.3970469e+05  -4.2844211e+03
   1.2080000e+03  -5.3610837e+05   1.3991852e+03
   1.2160000e+03  -5.3374699e+05   3.9035682e+01
   1.2240000e+03  -5.3750953e+05   2.5643436e+03
   1.2320000e+03  -5.3384488e+05   1.2270034e+03
   1.2400000e+03  -5.3480392e+05  -4.8662917e+03
   1.2480000e+03  -5.4010890e+05  -2.2735518e+03
   1.2560000e+03  -5.3608707e+05  -9.2111558e+02
   1.2640000e+03  -5.3569740e+05   6.4530771e+02
   1.2720000e+03  -5.3547193e+05  -1.5498976e+03
   1.2800000e+03  -5.3697430e+05   4.4824408e+02
   1.2880000e+03  -5.3549469e+05   4.0040064e+02
   1.2960000e+03  -5.3813022e+05   3.5605325e+02
   1.3040000e+03  -5.3553509e+05  -1.7724666e+02
   1.3120000e+03  -5.3280946e+05  -1.2274167e+02
   1.3200000e+03  -5.2581811e+05  -6.5216673e+02
   1.3280000e+03  -5.3160876e+05   8.0206659e+02
   1.3360000e+03  -5.3265942e+05  -6.5316850e+02
   1.3440000e+03  -5.3228067e+05   1.7763948e+03
   1.3520000e+03  -5.2987816e+05   2.7819640e+03
   1.3600000e+03  -5.2719051e+05   2.5178104e+03
   1.3680000e+03  -5.2738496e+05   3.8606881e+03
   1.3760000e+03  -5.2790212e+05   3.6325160e+03
   1.3840000e+03  -5.2714582e+05  -8.2875415e+02
   1.3920000e+03  -5.2554311e+05   3.1944291e+03
   1.4000000e+03  -5.2366292e+05   1.4957662e+03
   1.4080000e+03  -5.2592362e+05   1.4885534e+02
   1.4160000e+03  -5.2550403e+05   1.2789797e+03
   1.4240000e+03  -5.3137844e+05   1.0489228e+03
   1.4320000e+03  -5.2258915e+05   3.0697902e+03
