   0.0000000e+00  -7.1731341e+05   3.8533826e+03
   8.0000000e+00  -6.2174684e+05  -1.4042061e+03
   1.6000000e+01  -6.2290517e+05  -1.4002861e+01
   2.4000000e+01  -6.3125598e+05  -3.4663762e+03
   3.2000000e+01  -6.3806137e+05  -4.1047405e+03
   4.0000000e+01  -6.4761629e+05  -4.8839370e+02
   4.8000000e+01  -6.5712780e+05   7.1591548e+02
   5.6000000e+01  -6.6448873e+05  -2.9957432e+03
   6.4000000e+01  -6.8009152e+05  -2.5505380e+03
   7.2000000e+01  -6.9139284e+05  -1.1978263e+03
   8.0000000e+01  -6.9861187e+05  -3.6986512e+03
   8.8000000e+01  -7.1064057e+05   2.8747054e+03
   9.6000000e+01  -7.1461681e+05  -2.1343448e+02
   1.0400000e+02  -7.1995271e+05   6.2930399e+03
   1.1200000e+02  -7.1617120e+05   7.7551572e+03
   1.2000000e+02  -7.1859062e+05   1.7130139e+04
   1.2800000e+02  -7.2273698e+05   1.1903504e+04
   1.3600000e+02  -7.2489229e+05   1.3364084e+04
   1.4400000e+02  -7.2199200e+05   1.5611774e+04
   1.5200000e+02  -7.1383364e+05   1.6784999e+04
   1.6000000e+02  -7.0810517e+05   1.4269618e+04
   1.6800000e+02  -7.0132478e+05   9.9737281e+03
   1.7600000e+02  -6.9652306e+05   3.7040552e+03
   1.8400000e+02  -6.8254151e+05   6.9729659e+03
   1.9200000e+02  -6.6870027e+05   9.4930792e+03
   2.0000000e+02  -6.5369112e+05   1.3385806e+03
   2.0800000e+02  -6.4642544e+05   4.4267189e+03
   2.1600000e+02  -6.3906106e+05   6.0340373e+03
   2.2400000e+02  -6.3167712e+05  -3.1674220e+03
   2.3200000e+02  -6.2707395e+05  -1.1237151e+03
   2.4000000e+02  -6.1780316e+05   3.7129125e+02
   2.4800000e+02  -6.1806272e+05  -2.5238378e+03
   2.5600000e+02  -6.1323119e+05   3.3222960e+02
   2.6400000e+02  -6.1271519e+05  -2.7176524e+03
   2.7200000e+02  -6.1561329e+05   2.3556084e+03
   2.8000000e+02  -6.0854324e+05  -9.8890864e+02
   2.8800000e+02  -6.1233821e+05  -8.9459545e+02
   2.9600000e+02  -6.0776490e+05  -2.0098240e+03
   3.0400000e+02  -6.1120436e+05  -9.1321190e+02
   3.1200000e+02  -6.0874143e+05  -4.1050751e+03
   3.2000000e+02  -6.1091302e+05   5.0619655e+02
   3.2800000e+02  -6.1597540e+05   4.6329805e+02
   3.3600000e+02  -6.1635719e+05  -7.3784911e+03
   3.4400000e+02  -6.0586393e+05   3.4547050e+03
   3.5200000e+02  -6.1004725e+05  -3.3525365e+03
   3.6000000e+02  -6.0787685e+05   6.1336736e+02
   3.6800000e+02  -6.1196403e+05  -6.3084677e+03
   3.7600000e+02  -6.0761592e+05   6.0708289e+02
   3.8400000e+02  -6.0899891e+05   2.0809855e+03
   3.9200000e+02  -6.1333190e+05  -7.4626228e+02
   4.0000000e+02  -6.1099651e+05  -5.5857630e+02
   4.0800000e+02  -6.0608948e+05  -2.5464010e+03
   4.1600000e+02  -6.0380267e+05  -2.2108976e+03
   4.2400000e+02  -6.0628800e+05  -1.6020147e+03
   4.3200000e+02  -6.0661675e+05   4.2641727e+03
   4.4000000e+02  -6.0865164e+05  -6.7379039e+03
   4.4800000e+02  -6.0866218e+05   2.9755781e+03
   4.5600000e+02  -6.0490106e+05   4.2920106e+03
   4.6400000e+02  -6.0930676e+05  -2.2227095e+02
   4.7200000e+02  -6.0762852e+05  -4.5464047e+03
   4.8000000e+02  -6.0548280e+05  -2.0832983e+03
   4.8800000e+02  -6.0882123e+05   1.4509837e+03
   4.9600000e+02  -6.0751655e+05  -3.8181447e+03
   5.0400000e+02  -6.0519875e+05   6.5840806e+02
   5.1200000e+02  -6.0691001e+05  -3.3030326e+03
   5.2000000e+02  -6.1076381e+05  -9.1333514e+01
   5.2800000e+02  -6.0898626e+05   3.5354519e+02
   5.3600000e+02  -6.0819443e+05  -2.1153014e+02
   5.4400000e+02  -6.0532095e+05  -1.6068910e+03
   5.5200000e+02  -6.0752294e+05  -1.0396654e+03
   5.6000000e+02  -6.0494389e+05  -3.4333273e+03
   5.6800000e+02  -6.0815368e+05  -5.7699483e+03
   5.7600000e+02  -6.0593773e+05  -1.7097796e+03
   5.8400000e+02  -6.0885918e+05  -3.2360249e+03
   5.9200000e+02  -6.0521597e+05   2.8379845e+03
   6.0000000e+02  -6.0338545e+05  -7.3954850e+02
   6.0800000e+02  -6.0853742e+05  -5.2635803e+03
   6.1600000e+02  -6.0500012e+05   3.9235873e+03
   6.2400000e+02  -6.0783801e+05  -8.6555194e+03
   6.3200000e+02  -6.0545044e+05  -2.7319169e+03
   6.4000000e+02  -6.0582204e+05  -3.9229769e+03
   6.4800000e+02  -6.0346259e+05   6.8667429e+03
   6.5600000e+02  -6.0398817e+05   2.2677513e+03
   6.6400000e+02  -6.1126185e+05  -1.2473131e+03
   6.7200000e+02  -6.0847670e+05  -4.2454400e+03
   6.8000000e+02  -6.1040849e+05   2.1181311e+03
   6.8800000e+02  -6.0602094e+05  -7.4728383e+02
   6.9600000e+02  -6.1029823e+05  -2.0702434e+03
   7.0400000e+02  -6.1194670e+05  -3.5473801e+03
   7.1200000e+02  -6.0929790e+05  -3.5243401e+02
   7.2000000e+02  -6.0653668e+05   1.3434647e+03
   7.2800000e+02  -6.0871811e+05  -3.2333403e+03
   7.3600000e+02  -5.9848060e+05   6.7312077e+02
   7.4400000e+02  -6.0847820e+05  -2.9972470e+03
   7.5200000e+02  -6.0605553e+05   6.9394204e+01
   7.6000000e+02  -6.0622573e+05  -2.8041990e+03
   7.6800000e+02  -6.0611162e+05  -4.2275136e+02
   7.7600000e+02  -6.0629019e+05   1.5544465e+03
   7.8400000e+02  -6.0432591e+05  -6.4248755e+03
   7.9200000e+02  -6.0245042e+05  -3.5472770e+03
   8.0000000e+02  -6.0777986e+05  -4.9919803e+03
   8.0800000e+02  -6.0202929e+05  -6.7980407e+02
   8.1600000e+02  -6.0006366e+05  -2.2412835e+03
   8.2400000e+02  -6.0209006e+05  -4.8683709e+03
   8.3200000e+02  -6.0347614e+05  -1.0240981e+03
   8.4000000e+02  -5.9996901e+05  -3.7250374e+03
   8.4800000e+02  -6.0201904e+05  -1.0300196e+03
   8.5600000e+02  -5.9566728e+05  -2.5585001e+03
   8.6400000e+02  -6.0014848e+05  -2.0468649e+03
   8.7200000e+02  -5.9990373e+05  -1.0897538e+03
   8.8000000e+02  -5.9522055e+05   4.0516438e+01
   8.8800000e+02  -6.0153950e+05  -1.1229045e+03
   8.9600000e+02  -5.9727456e+05   2.3926319e+02
   9.0400000e+02  -5.9568661e+05  -2.2741443e+03
   9.1200000e+02  -5.9846869e+05  -3.4136255e+03
   9.2000000e+02  -5.9966996e+05   9.0467723e+02
   9.2800000e+02  -5.9264843e+05  -7.0396631e+03
   9.3600000e+02  -5.8801071e+05  -2.4041742e+03
   9.4400000e+02  -5.9526516e+05  -7.3667495e+03
   9.5200000e+02  -5.9647293e+05   2.2813783e+03
   9.6000000e+02  -5.9826899e+05  -5.0781282e+03
   9.6800000e+02  -5.9819914e+05  -2.7729643e+03
   9.7600000e+02  -5.9458180e+05  -2.4773090e+03
   9.8400000e+02  -5.9545805e+05   3.7746080e+02
   9.9200000e+02  -6.0025458e+05  -4.6104685e+03
   1.0000000e+03  -5.9720691e+05  -4.7775235e+03
   1.0080000e+03  -5.9867762e+05   1.5874783e+03
   1.0160000e+03  -6.0031787e+05  -2.2521117e+03
   1.0240000e+03  -5.9576590e+05   3.3129103e+03
   1.0320000e+03  -5.9895482e+05   1.7600523e+03
   1.0400000e+03  -5.9454043e+05  -2.1509441e+03
   1.0480000e+03  -5.9507891e+05  -1.9320746e+03
   1.0560000e+03  -5.9731147e+05  -5.9679674e+03
   1.0640000e+03  -6.0324818e+05  -2.1859970e+03
   1.0720000e+03  -6.0306570e+05  -4.1682599e+03
   1.0800000e+03  -5.9612980e+05   8.8555713e+02
   1.0880000e+03  -5.9642590e+05  -6.5495839e+03
   1.0960000e+03  -5.9715360e+05  -1.8350022e+03
   1.1040000e+03  -5.9879132e+05  -2.9012599e+03
   1.1120000e+03  -5.9539927e+05   2.3737648e+03
   1.1200000e+03  -5.9704906e+05   1.9127867e+03
   1.1280000e+03  -5.9717498e+05   3.0150025e+03
   1.1360000e+03  -6.0061801e+05  -9.1800462e+02
   1.1440000e+03  -5.9885201e+05   1.8693793e+03
   1.1520000e+03  -5.9913564e+05  -4.8128126e+02
   1.1600000e+03  -5.9508471e+05  -1.7369531e+03
   1.1680000e+03  -5.9928502e+05  -2.0870453e+03
   1.1760000e+03  -6.0275488e+05  -6.9227337e+03
   1.1840000e+03  -5.9757403e+05   2.1317594e+02
   1.1920000e+03  -5.9969529e+05  -1.7952708e+03
   1.2000000e+03  -5.9908946e+05   2.5753724e+03
   1.2080000e+03  -6.0575365e+05  -4.2041376e+03
   1.2160000e+03  -5.9796423e+05   1.3007282e+03
   1.2240000e+03  -6.0754226e+05  -3.0086135e+03
   1.2320000e+03  -6.0199457e+05  -2.7286073e+01
   1.2400000e+03  -6.0199101e+05   4.1492182e+03
   1.2480000e+03  -6.0250140e+05  -1.5961772e+03
   1.2560000e+03  -5.9566842e+05   3.9503959e+03
   1.2640000e+03  -6.0025503e+05   3.3416105e+03
   1.2720000e+03  -5.9991471e+05  -3.4028853e+03
   1.2800000e+03  -6.0220716e+05  -1.5840059e+03
   1.2880000e+03  -5.9408426e+05   6.9317912e+03
   1.2960000e+03  -6.0480624e+05  -1.6893520e+03
   1.3040000e+03  -5.9688380e+05   1.9270757e+03
   1.3120000e+03  -5.9763180e+05  -2.6962677e+03
   1.3200000e+03  -5.9440396e+05  -9.0501659e+02
   1.3280000e+03  -5.9652334e+05  -3.7736101e+03
   1.3360000e+03  -5.9505453e+05  -1.6654389e+03
   1.3440000e+03  -5.9327239e+05   3.0189356e+03
   1.3520000e+03  -5.9378023e+05   8.3997901e+02
   1.3600000e+03  -5.9363074e+05   2.2697175e+03
   1.3680000e+03  -5.9070169e+05  -1.5278794e+03
   1.3760000e+03  -5.9223819e+05   2.1698431e+03
   1.3840000e+03  -5.8934607e+05  -2.2195810e+02
   1.3920000e+03  -5.9240476e+05   3.5377619e+03
   1.4000000e+03  -5.9252053e+05   2.9435824e+03
   1.4080000e+03  -5.9299166e+05   2.8172999e+03
   1.4160000e+03  -5.8577789e+05   3.6579874e+03
   1.4240000e+03  -5.9254532e+05  -1.8556574e+03
   1.4320000e+03  -5.9124190e+05   7.7829990e+02
