   0.0000000e+00  -6.0146649e+05   5.0520249e+02
   8.0000000e+00  -4.9828107e+05   1.0311951e+02
   1.6000000e+01  -5.0142774e+05   5.3398832e+02
   2.4000000e+01  -5.0415589e+05  -4.1597907e+03
   3.2000000e+01  -5.1487245e+05  -4.5409508e+03
   4.0000000e+01  -5.1511672e+05   1.9489525e+03
   4.8000000e+01  -5.2692127e+05  -4.1731639e+03
   5.6000000e+01  -5.2946190e+05  -5.0826940e+03
   6.4000000e+01  -5.3737101e+05   2.1715091e+02
   7.2000000e+01  -5.3681971e+05   2.7335335e+03
   8.0000000e+01  -5.4097226e+05  -7.4631130e+02
   8.8000000e+01  -5.3926237e+05  -3.8213953e+02
   9.6000000e+01  -5.3899030e+05   9.5865637e+03
   1.0400000e+02  -5.3813522e+05   1.2551843e+03
   1.1200000e+02  -5.2867242e+05   9.6168661e+03
   1.2000000e+02  -5.3212111e+05   1.2634028e+04
   1.2800000e+02  -5.2994683e+05   1.3512381e+04
   1.3600000e+02  -5.2705732e+05   1.5174310e+04
   1.4400000e+02  -5.3317344e+05   1.8452330e+04
   1.5200000e+02  -5.3470322e+05   1.0720877e+04
   1.6000000e+02  -5.3989171e+05   1.8557461e+04
   1.6800000e+02  -5.3897728e+05   1.3994668e+04
   1.7600000e+02  -5.4265249e+05   6.1386022e+03
   1.8400000e+02  -5.3513741e+05   8.6932981e+03
   1.9200000e+02  -5.2949126e+05   7.0492735e+03
   2.0000000e+02  -5.2585651e+05   8.3484042e+03
   2.0800000e+02  -5.2293631e+05   3.0826360e+03
   2.1600000e+02  -5.1037601e+05  -3.0858058e+03
   2.2400000e+02  -5.0763711e+05  -4.4504692e+03
   2.3200000e+02  -5.0033502e+05  -8.3949247e+02
   2.4000000e+02  -4.9971330e+05  -2.9495237e+02
   2.4800000e+02  -4.9495891e+05  -4.2097926e+03
   2.5600000e+02  -4.9270020e+05  -1.7592356e+03
   2.6400000e+02  -4.9355220e+05  -2.7123943e+03
   2.7200000e+02  -4.8649044e+05  -1.8140569e+03
   2.8000000e+02  -4.9098983e+05   2.8002232e+02
   2.8800000e+02  -4.8884850e+05   9.7070855e+02
   2.9600000e+02  -4.9076867e+05  -2.0054106e+03
   3.0400000e+02  -4.9044285e+05  -3.6529014e+03
   3.1200000e+02  -4.9033993e+05  -4.2360074e+03
   3.2000000e+02  -4.8987958e+05  -2.9597430e+03
   3.2800000e+02  -4.8764664e+05  -2.5940308e+03
   3.3600000e+02  -4.8696987e+05   4.4607065e+02
   3.4400000e+02  -4.8585443e+05  -2.7747479e+03
   3.5200000e+02  -4.8903688e+05  -3.3755619e+03
   3.6000000e+02  -4.8783236e+05   2.3201755e+03
   3.6800000e+02  -4.9174496e+05   1.1329510e+03
   3.7600000e+02  -4.8627057e+05   2.9619084e+03
   3.8400000e+02  -4.9090723e+05  -1.5789411e+03
   3.9200000e+02  -4.8753365e+05  -3.5532625e+03
   4.0000000e+02  -4.8640354e+05  -1.1539279e+03
   4.0800000e+02  -4.8950606e+05  -3.8696915e+03
   4.1600000e+02  -4.8450541e+05  -3.3548607e+03
   4.2400000e+02  -4.8363372e+05  -4.6340293e+03
   4.3200000e+02  -4.8666662e+05  -6.8124901e+03
   4.4000000e+02  -4.8900073e+05  -1.5418393e+03
   4.4800000e+02  -4.8684590e+05   4.1789800e+03
   4.5600000e+02  -4.8242835e+05   4.6878968e+03
   4.6400000e+02  -4.8190411e+05  -1.7784035e+02
   4.7200000e+02  -4.8881381e+05  -1.1667700e+03
   4.8000000e+02  -4.8962724e+05   5.2081260e+02
   4.8800000e+02  -4.8459384e+05  -1.3838303e+03
   4.9600000e+02  -4.7966037e+05  -1.1825755e+02
   5.0400000e+02  -4.8034050e+05   6.3851705e+01
   5.1200000e+02  -4.8602513e+05   3.4823747e+03
   5.2000000e+02  -4.8027871e+05  -1.0098518e+03
   5.2800000e+02  -4.8465275e+05  -1.5662253e+03
   5.3600000e+02  -4.8439233e+05  -2.1019729e+03
   5.4400000e+02  -4.8356212e+05  -7.6429405e+03
   5.5200000e+02  -4.8191570e+05  -2.2458321e+03
   5.6000000e+02  -4.8507276e+05   6.3827888e+02
   5.6800000e+02  -4.8410249e+05   7.5515743e+02
   5.7600000e+02  -4.8392732e+05   2.1114029e+03
   5.8400000e+02  -4.7557370e+05   4.0311378e+02
   5.9200000e+02  -4.8359122e+05  -3.0533868e+03
   6.0000000e+02  -4.8430254e+05  -4.7090521e+03
   6.0800000e+02  -4.8236331e+05  -2.9005332e+02
   6.1600000e+02  -4.8386330e+05  -3.1555523e+03
   6.2400000e+02  -4.7874052e+05  -4.1854864e+01
   6.3200000e+02  -4.7985926e+05  -2.2142957e+03
   6.4000000e+02  -4.8658229e+05  -5.5402945e+02
   6.4800000e+02  -4.8180476e+05  -3.8810791e+03
   6.5600000e+02  -4.8500243e+05   1.1485726e+03
   6.6400000e+02  -4.7941603e+05   1.7332929e+03
   6.7200000e+02  -4.8347374e+05  -4.6366993e+03
   6.8000000e+02  -4.8124249e+05   2.6127752e+02
   6.8800000e+02  -4.8642942e+05  -2.7961021e+02
   6.9600000e+02  -4.8071769e+05  -6.3705617e+03
   7.0400000e+02  -4.8258180e+05   2.7293919e+03
   7.1200000e+02  -4.8735016e+05  -3.4600300e+02
   7.2000000e+02  -4.8490960e+05   3.6556092e+02
   7.2800000e+02  -4.8411675e+05  -2.9098934e+03
   7.3600000e+02  -4.7755689e+05   9.6984544e+02
   7.4400000e+02  -4.8274707e+05  -4.7682915e+03
   7.5200000e+02  -4.7619252e+05   6.1558463e+02
   7.6000000e+02  -4.8587949e+05  -3.4505232e+03
   7.6800000e+02  -4.7720831e+05  -5.0121189e+03
   7.7600000e+02  -4.7978779e+05  -3.9901384e+03
   7.8400000e+02  -4.7869577e+05  -6.7726886e+03
   7.9200000e+02  -4.7917166e+05  -5.6096579e+03
   8.0000000e+02  -4.7911712e+05   2.8722349e+03
   8.0800000e+02  -4.7214067e+05   6.7529428e+02
   8.1600000e+02  -4.8475350e+05  -5.1823707e+03
   8.2400000e+02  -4.7738760e+05  -3.3141550e+03
   8.3200000e+02  -4.7923141e+05  -2.7118763e+03
   8.4000000e+02  -4.7348127e+05  -4.9310179e+03
   8.4800000e+02  -4.8221962e+05  -1.2954435e+02
   8.5600000e+02  -4.7312842e+05  -4.6606862e+03
   8.6400000e+02  -4.7766100e+05   9.5993161e+02
   8.7200000e+02  -4.7066738e+05  -3.9033335e+03
   8.8000000e+02  -4.7666965e+05  -7.3550865e+02
   8.8800000e+02  -4.7665669e+05  -3.0387694e+03
   8.9600000e+02  -4.7398635e+05  -2.2535999e+03
   9.0400000e+02  -4.7499690e+05   2.8508666e+02
   9.1200000e+02  -4.7755562e+05  -3.6984222e+03
   9.2000000e+02  -4.7395485e+05  -2.3019314e+03
   9.2800000e+02  -4.7051598e+05   1.6913909e+03
   9.3600000e+02  -4.8046491e+05  -1.6586226e+02
   9.4400000e+02  -4.7823846e+05  -4.5413406e+03
   9.5200000e+02  -4.6862965e+05  -1.5444751e+03
   9.6000000e+02  -4.8040148e+05  -2.9996787e+03
   9.6800000e+02  -4.7394291e+05   4.7009508e+02
   9.7600000e+02  -4.7562126e+05  -2.3325388e+03
   9.8400000e+02  -4.7156667e+05  -2.9678957e+03
   9.9200000e+02  -4.7696241e+05  -4.8306759e+03
   1.0000000e+03  -4.6967280e+05  -1.2655714e+03
   1.0080000e+03  -4.7949379e+05   1.4690902e+03
   1.0160000e+03  -4.7010408e+05  -4.5003144e+01
   1.0240000e+03  -4.7520575e+05  -3.6976905e+02
   1.0320000e+03  -4.7855202e+05  -5.1681017e+03
   1.0400000e+03  -4.8089570e+05   9.0969304e+02
   1.0480000e+03  -4.8205482e+05  -3.0234222e+03
   1.0560000e+03  -4.7106212e+05   1.7760962e+03
   1.0640000e+03  -4.7161125e+05  -1.5863551e+03
   1.0720000e+03  -4.7322491e+05  -5.8745710e+02
   1.0800000e+03  -4.8176969e+05  -3.0123979e+03
   1.0880000e+03  -4.7540646e+05  -5.4189490e+03
   1.0960000e+03  -4.7556765e+05   1.4621083e+03
   1.1040000e+03  -4.7144336e+05   3.0980549e+01
   1.1120000e+03  -4.7557249e+05  -6.3095514e+02
   1.1200000e+03  -4.7162052e+05  -1.5162545e+03
   1.1280000e+03  -4.7877725e+05  -2.7946214e+03
   1.1360000e+03  -4.7449987e+05  -1.7262110e+03
   1.1440000e+03  -4.7235564e+05   1.4455801e+03
   1.1520000e+03  -4.7832917e+05  -1.0615210e+02
   1.1600000e+03  -4.7427307e+05   1.6066032e+03
   1.1680000e+03  -4.7926534e+05  -3.3755583e+03
   1.1760000e+03  -4.7534416e+05   1.5077780e+03
   1.1840000e+03  -4.7864674e+05  -4.3750698e+03
   1.1920000e+03  -4.7883395e+05   6.0484522e+03
   1.2000000e+03  -4.8012969e+05  -5.1355019e+01
   1.2080000e+03  -4.8018232e+05  -7.3922056e+03
   1.2160000e+03  -4.7363245e+05   2.2584108e+02
   1.2240000e+03  -4.7735075e+05   3.9528562e+03
   1.2320000e+03  -4.7954424e+05   3.8207449e+03
   1.2400000e+03  -4.7873524e+05  -2.5060442e+03
   1.2480000e+03  -4.7809269e+05   3.8665959e+03
   1.2560000e+03  -4.7747779e+05  -3.6192302e+03
   1.2640000e+03  -4.7501429e+05   2.3553810e+03
   1.2720000e+03  -4.7138958e+05  -1.0446394e+03
   1.2800000e+03  -4.7853770e+05  -1.2100355e+03
   1.2880000e+03  -4.6913681e+05  -1.3651716e+03
   1.2960000e+03  -4.7714675e+05  -2.2756125e+03
   1.3040000e+03  -4.7798758e+05  -1.6808034e+03
   1.3120000e+03  -4.6903063e+05  -1.9921632e+02
   1.3200000e+03  -4.7358109e+05   7.3833298e+02
   1.3280000e+03  -4.7540882e+05  -9.5068098e+02
   1.3360000e+03  -4.6977605e+05  -2.4385576e+03
   1.3440000e+03  -4.7473612e+05  -3.9528663e+03
   1.3520000e+03  -4.6851400e+05   8.1644637e+02
   1.3600000e+03  -4.7048124e+05   1.0909956e+03
   1.3680000e+03  -4.7385569e+05   1.6402484e+03
   1.3760000e+03  -4.6963055e+05   3.7392603e+03
   1.3840000e+03  -4.7328638e+05  -6.3181792e+02
   1.3920000e+03  -4.6856718e+05   2.7161049e+03
   1.4000000e+03  -4.6603701e+05   7.7959715e+03
   1.4080000e+03  -4.6422111e+05   4.1368176e+03
   1.4160000e+03  -4.6349107e+05   4.9992443e+03
   1.4240000e+03  -4.6979054e+05  -3.7829405e+02
   1.4320000e+03  -4.7238015e+05   3.4377587e+02
