   0.0000000e+00  -6.8536980e+04   0.0000000e+00
   8.0000000e+00  -6.9526731e+04   0.0000000e+00
   1.6000000e+01  -6.7365295e+04   0.0000000e+00
   2.4000000e+01  -7.1526644e+04   0.0000000e+00
   3.2000000e+01  -7.6155820e+04   0.0000000e+00
   4.0000000e+01  -7.2292323e+04   0.0000000e+00
   4.8000000e+01  -6.3339310e+04   0.0000000e+00
   5.6000000e+01  -6.3276197e+04   0.0000000e+00
   6.4000000e+01  -5.2992333e+04   0.0000000e+00
   7.2000000e+01  -4.8848346e+04   0.0000000e+00
   8.0000000e+01  -3.4147917e+04   0.0000000e+00
   8.8000000e+01  -2.9199309e+04   0.0000000e+00
   9.6000000e+01  -2.3903993e+04   0.0000000e+00
   1.0400000e+02  -1.3810109e+04   0.0000000e+00
   1.1200000e+02  -1.4142775e+04   0.0000000e+00
   1.2000000e+02  -9.9942002e+03   0.0000000e+00
   1.2800000e+02  -9.0953962e+03   0.0000000e+00
   1.3600000e+02  -1.1509648e+03   0.0000000e+00
   1.4400000e+02   2.1037689e+03   0.0000000e+00
   1.5200000e+02   1.0639369e+03   0.0000000e+00
   1.6000000e+02  -1.8056503e+03   0.0000000e+00
   1.6800000e+02   2.5829256e+03   0.0000000e+00
   1.7600000e+02  -1.7345953e+03   0.0000000e+00
   1.8400000e+02   4.6770780e+03   0.0000000e+00
   1.9200000e+02   2.0605790e+03   0.0000000e+00
   2.0000000e+02   1.3972554e+03   0.0000000e+00
   2.0800000e+02  -1.2518406e+03   0.0000000e+00
   2.1600000e+02  -2.4909460e+03   0.0000000e+00
   2.2400000e+02   8.9327815e+02   0.0000000e+00
   2.3200000e+02   1.5863048e+03   0.0000000e+00
   2.4000000e+02   2.8742229e+03   0.0000000e+00
   2.4800000e+02  -1.9162001e+03   0.0000000e+00
   2.5600000e+02  -3.1889092e+02   0.0000000e+00
   2.6400000e+02  -2.8834613e+03   0.0000000e+00
   2.7200000e+02  -1.5740992e+02   0.0000000e+00
   2.8000000e+02  -3.2822423e+03   0.0000000e+00
   2.8800000e+02   1.9949490e+03   0.0000000e+00
   2.9600000e+02  -1.9086608e+03   0.0000000e+00
   3.0400000e+02   1.5767451e+03   0.0000000e+00
   3.1200000e+02   1.8275969e+03   0.0000000e+00
   3.2000000e+02   3.5511107e+03   0.0000000e+00
   3.2800000e+02   7.0050991e+02   0.0000000e+00
   3.3600000e+02   2.7871170e+02   0.0000000e+00
   3.4400000e+02   5.3315114e+03   0.0000000e+00
   3.5200000e+02   3.4425231e+03   0.0000000e+00
   3.6000000e+02   9.3329446e+02   0.0000000e+00
   3.6800000e+02   2.7278632e+03   0.0000000e+00
   3.7600000e+02  -1.1357150e+03   0.0000000e+00
   3.8400000e+02  -1.8946330e+03   0.0000000e+00
   3.9200000e+02  -1.7644318e+03   0.0000000e+00
   4.0000000e+02   2.1646376e+03   0.0000000e+00
   4.0800000e+02   2.4693768e+03   0.0000000e+00
   4.1600000e+02  -2.5843012e+03   0.0000000e+00
   4.2400000e+02   1.3383997e+03   0.0000000e+00
   4.3200000e+02  -1.0278633e+03   0.0000000e+00
   4.4000000e+02   1.4119158e+03   0.0000000e+00
   4.4800000e+02  -2.9553052e+03   0.0000000e+00
   4.5600000e+02   1.0988213e+04   0.0000000e+00
   4.6400000e+02  -7.3098463e+02   0.0000000e+00
   4.7200000e+02   2.3334858e+03   0.0000000e+00
   4.8000000e+02  -2.1137594e+03   0.0000000e+00
   4.8800000e+02   5.0891415e+03   0.0000000e+00
   4.9600000e+02   1.6582195e+03   0.0000000e+00
   5.0400000e+02  -2.5146231e+00   0.0000000e+00
   5.1200000e+02  -1.4997097e+03   0.0000000e+00
   5.2000000e+02  -7.0315942e+03   0.0000000e+00
   5.2800000e+02  -4.1741402e+03   0.0000000e+00
   5.3600000e+02   3.5654718e+03   0.0000000e+00
   5.4400000e+02   1.2078388e+03   0.0000000e+00
   5.5200000e+02  -5.9489910e+03   0.0000000e+00
   5.6000000e+02  -7.9858408e+02   0.0000000e+00
   5.6800000e+02  -5.9838583e+03   0.0000000e+00
   5.7600000e+02  -3.2395598e+03   0.0000000e+00
   5.8400000e+02  -1.2597316e+03   0.0000000e+00
   5.9200000e+02  -4.9068858e+02   0.0000000e+00
   6.0000000e+02  -5.8683898e+03   0.0000000e+00
   6.0800000e+02  -3.2000954e+03   0.0000000e+00
   6.1600000e+02  -2.2199874e+03   0.0000000e+00
   6.2400000e+02  -3.0426360e+03   0.0000000e+00
   6.3200000e+02   1.3671245e+03   0.0000000e+00
   6.4000000e+02  -2.1711271e+03   0.0000000e+00
   6.4800000e+02  -2.8245252e+03   0.0000000e+00
   6.5600000e+02  -1.8099956e+03   0.0000000e+00
   6.6400000e+02   3.4260156e+03   0.0000000e+00
   6.7200000e+02  -6.0331828e+02   0.0000000e+00
   6.8000000e+02   6.1009088e+02   0.0000000e+00
   6.8800000e+02   1.3893283e+03   0.0000000e+00
   6.9600000e+02   3.0109985e+03   0.0000000e+00
   7.0400000e+02  -2.1344384e+03   0.0000000e+00
   7.1200000e+02   1.1487249e+03   0.0000000e+00
   7.2000000e+02  -6.8636490e+02   0.0000000e+00
   7.2800000e+02  -1.7507913e+03   0.0000000e+00
   7.3600000e+02  -1.3339459e+03   0.0000000e+00
   7.4400000e+02   1.7986820e+02   0.0000000e+00
   7.5200000e+02   1.3135325e+03   0.0000000e+00
   7.6000000e+02   7.5607923e+02   0.0000000e+00
   7.6800000e+02  -7.3682146e+03   0.0000000e+00
   7.7600000e+02   3.1503766e+03   0.0000000e+00
   7.8400000e+02   2.8140190e+03   0.0000000e+00
   7.9200000e+02   3.0944871e+03   0.0000000e+00
   8.0000000e+02  -1.4100281e+03   0.0000000e+00
   8.0800000e+02  -5.0137525e+03   0.0000000e+00
   8.1600000e+02   2.3017124e+03   0.0000000e+00
   8.2400000e+02   2.3044604e+02   0.0000000e+00
   8.3200000e+02   4.6424979e+03   0.0000000e+00
   8.4000000e+02   1.9717372e+03   0.0000000e+00
   8.4800000e+02  -6.5119874e+02   0.0000000e+00
   8.5600000e+02  -9.9636723e+02   0.0000000e+00
   8.6400000e+02  -1.5348461e+02   0.0000000e+00
   8.7200000e+02   3.7304562e+03   0.0000000e+00
   8.8000000e+02   2.2556001e+03   0.0000000e+00
   8.8800000e+02   1.5099965e+03   0.0000000e+00
   8.9600000e+02   5.4500493e+03   0.0000000e+00
   9.0400000e+02  -2.7231459e+03   0.0000000e+00
   9.1200000e+02  -1.1354771e+02   0.0000000e+00
