  -1.2000000e+02  -7.6027130e+05   0.0000000e+00
  -1.1200000e+02  -7.6008949e+05   0.0000000e+00
  -1.0400000e+02  -7.5990772e+05   0.0000000e+00
  -9.6000000e+01  -7.5972599e+05   0.0000000e+00
  -8.8000000e+01  -7.5954431e+05   0.0000000e+00
  -8.0000000e+01  -7.5936267e+05   0.0000000e+00
  -7.2000000e+01  -7.5918107e+05   0.0000000e+00
  -6.4000000e+01  -7.5899952e+05   0.0000000e+00
  -5.6000000e+01  -7.5881801e+05   0.0000000e+00
  -4.8000000e+01  -7.5863654e+05   0.0000000e+00
  -4.0000000e+01  -7.5845512e+05   0.0000000e+00
  -3.2000000e+01  -7.5827374e+05   0.0000000e+00
  -2.4000000e+01  -7.5809240e+05   0.0000000e+00
  -1.6000000e+01  -7.5791111e+05   0.0000000e+00
  -8.0000000e+00  -7.5772986e+05   0.0000000e+00
   0.0000000e+00  -7.5754865e+05   0.0000000e+00
   8.0000000e+00  -7.5736749e+05   0.0000000e+00
   1.6000000e+01  -7.5718637e+05   0.0000000e+00
   2.4000000e+01  -7.5700529e+05   0.0000000e+00
   3.2000000e+01  -7.5682426e+05   0.0000000e+00
   4.0000000e+01  -7.5664327e+05   0.0000000e+00
   4.8000000e+01  -7.5646232e+05   0.0000000e+00
   5.6000000e+01  -7.5628142e+05   0.0000000e+00
   6.4000000e+01  -7.5610056e+05   0.0000000e+00
   7.2000000e+01  -7.5591974e+05   0.0000000e+00
   8.0000000e+01  -7.5573897e+05   0.0000000e+00
   8.8000000e+01  -7.5555824e+05   0.0000000e+00
   9.6000000e+01  -7.5537755e+05   0.0000000e+00
   1.0400000e+02  -7.5519690e+05   0.0000000e+00
   1.1200000e+02  -7.5501630e+05   0.0000000e+00
   1.2000000e+02  -7.5483575e+05   0.0000000e+00
   1.2800000e+02  -7.5465523e+05   0.0000000e+00
   1.3600000e+02  -7.5447476e+05   0.0000000e+00
   1.4400000e+02  -7.5429433e+05   0.0000000e+00
   1.5200000e+02  -7.5411395e+05   0.0000000e+00
   1.6000000e+02  -7.5393360e+05   0.0000000e+00
   1.6800000e+02  -7.5375331e+05   0.0000000e+00
   1.7600000e+02  -7.5357305e+05   0.0000000e+00
   1.8400000e+02  -7.5339284e+05   0.0000000e+00
   1.9200000e+02  -7.5321267e+05   0.0000000e+00
   2.0000000e+02  -7.5303254e+05   0.0000000e+00
   2.0800000e+02  -7.5285246e+05   0.0000000e+00
   2.1600000e+02  -7.5267242e+05   0.0000000e+00
   2.2400000e+02  -7.5249242e+05   0.0000000e+00
   2.3200000e+02  -7.5231247e+05   0.0000000e+00
   2.4000000e+02  -7.5213256e+05   0.0000000e+00
   2.4800000e+02  -7.5195269e+05   0.0000000e+00
   2.5600000e+02  -7.5177286e+05   0.0000000e+00
   2.6400000e+02  -7.5159308e+05   0.0000000e+00
   2.7200000e+02  -7.5141334e+05   0.0000000e+00
   2.8000000e+02  -7.5123365e+05   0.0000000e+00
   2.8800000e+02  -7.5105399e+05   0.0000000e+00
   2.9600000e+02  -7.5087438e+05   0.0000000e+00
   3.0400000e+02  -7.5069482e+05   0.0000000e+00
   3.1200000e+02  -7.5051529e+05   0.0000000e+00
   3.2000000e+02  -7.5033581e+05   0.0000000e+00
   3.2800000e+02  -7.5015637e+05   0.0000000e+00
   3.3600000e+02  -7.4997698e+05   0.0000000e+00
   3.4400000e+02  -7.4979762e+05   0.0000000e+00
   3.5200000e+02  -7.4961831e+05   0.0000000e+00
   3.6000000e+02  -7.4943905e+05   0.0000000e+00
   3.6800000e+02  -7.4925982e+05   0.0000000e+00
   3.7600000e+02  -7.4908064e+05   0.0000000e+00
   3.8400000e+02  -7.4890150e+05   0.0000000e+00
   3.9200000e+02  -7.4872241e+05   0.0000000e+00
   4.0000000e+02  -7.4854336e+05   0.0000000e+00
   4.0800000e+02  -7.4836435e+05   0.0000000e+00
   4.1600000e+02  -7.4818538e+05   0.0000000e+00
   4.2400000e+02  -7.4800646e+05   0.0000000e+00
   4.3200000e+02  -7.4782757e+05   0.0000000e+00
   4.4000000e+02  -7.4764874e+05   0.0000000e+00
   4.4800000e+02  -7.4746994e+05   0.0000000e+00
   4.5600000e+02  -7.4729119e+05   0.0000000e+00
   4.6400000e+02  -7.4711248e+05   0.0000000e+00
   4.7200000e+02  -7.4693381e+05   0.0000000e+00
   4.8000000e+02  -7.4675518e+05   0.0000000e+00
   4.8800000e+02  -7.4657660e+05   0.0000000e+00
   4.9600000e+02  -7.4639806e+05   0.0000000e+00
   5.0400000e+02  -7.4621957e+05   0.0000000e+00
   5.1200000e+02  -7.4604111e+05   0.0000000e+00
   5.2000000e+02  -7.4586270e+05   0.0000000e+00
   5.2800000e+02  -7.4568433e+05   0.0000000e+00
   5.3600000e+02  -7.4550601e+05   0.0000000e+00
   5.4400000e+02  -7.4532772e+05   0.0000000e+00
   5.5200000e+02  -7.4514948e+05   0.0000000e+00
   5.6000000e+02  -7.4497128e+05   0.0000000e+00
   5.6800000e+02  -7.4479313e+05   0.0000000e+00
   5.7600000e+02  -7.4461502e+05   0.0000000e+00
   5.8400000e+02  -7.4443695e+05   0.0000000e+00
   5.9200000e+02  -7.4425892e+05   0.0000000e+00
   6.0000000e+02  -7.4408093e+05   0.0000000e+00
   6.0800000e+02  -7.4390299e+05   0.0000000e+00
   6.1600000e+02  -7.4372509e+05   0.0000000e+00
   6.2400000e+02  -7.4354723e+05   0.0000000e+00
   6.3200000e+02  -7.4336942e+05   0.0000000e+00
   6.4000000e+02  -7.4319165e+05   0.0000000e+00
   6.4800000e+02  -7.4301392e+05   0.0000000e+00
   6.5600000e+02  -7.4283623e+05   0.0000000e+00
   6.6400000e+02  -7.4265858e+05   0.0000000e+00
   6.7200000e+02  -7.4248098e+05   0.0000000e+00
   6.8000000e+02  -7.4230342e+05   0.0000000e+00
   6.8800000e+02  -7.4212590e+05   0.0000000e+00
   6.9600000e+02  -7.4194843e+05   0.0000000e+00
   7.0400000e+02  -7.4177100e+05   0.0000000e+00
   7.1200000e+02  -7.4159361e+05   0.0000000e+00
   7.2000000e+02  -7.4141626e+05   0.0000000e+00
   7.2800000e+02  -7.4123895e+05   0.0000000e+00
   7.3600000e+02  -7.4106169e+05   0.0000000e+00
   7.4400000e+02  -7.4088447e+05   0.0000000e+00
   7.5200000e+02  -7.4070729e+05   0.0000000e+00
   7.6000000e+02  -7.4053016e+05   0.0000000e+00
   7.6800000e+02  -7.4035306e+05   0.0000000e+00
   7.7600000e+02  -7.4017601e+05   0.0000000e+00
   7.8400000e+02  -7.3999900e+05   0.0000000e+00
   7.9200000e+02  -7.3982204e+05   0.0000000e+00
   8.0000000e+02  -7.3964511e+05   0.0000000e+00
   8.0800000e+02  -7.3946823e+05   0.0000000e+00
   8.1600000e+02  -7.3929139e+05   0.0000000e+00
   8.2400000e+02  -7.3911459e+05   0.0000000e+00
   8.3200000e+02  -7.3893784e+05   0.0000000e+00
   8.4000000e+02  -7.3876113e+05   0.0000000e+00
   8.4800000e+02  -7.3858446e+05   0.0000000e+00
   8.5600000e+02  -7.3840783e+05   0.0000000e+00
   8.6400000e+02  -7.3823124e+05   0.0000000e+00
   8.7200000e+02  -7.3805470e+05   0.0000000e+00
   8.8000000e+02  -7.3787820e+05   0.0000000e+00
   8.8800000e+02  -7.3770174e+05   0.0000000e+00
   8.9600000e+02  -7.3752532e+05   0.0000000e+00
   9.0400000e+02  -7.3734895e+05   0.0000000e+00
   9.1200000e+02  -7.3717261e+05   0.0000000e+00
