   0.0000000e+00  -7.7915934e+03   0.0000000e+00
   8.0000000e+00  -7.1286433e+03   0.0000000e+00
   1.6000000e+01  -7.0319069e+03   0.0000000e+00
   2.4000000e+01  -1.7602590e+04   0.0000000e+00
   3.2000000e+01  -2.4506810e+04   0.0000000e+00
   4.0000000e+01  -2.5658765e+04   0.0000000e+00
   4.8000000e+01  -3.5302349e+04   0.0000000e+00
   5.6000000e+01  -3.5427972e+04   0.0000000e+00
   6.4000000e+01  -2.9170634e+04   0.0000000e+00
   7.2000000e+01  -3.2562066e+04   0.0000000e+00
   8.0000000e+01  -2.6643911e+04   0.0000000e+00
   8.8000000e+01  -3.0426073e+04   0.0000000e+00
   9.6000000e+01  -1.6809376e+04   0.0000000e+00
   1.0400000e+02  -1.9181420e+04   0.0000000e+00
   1.1200000e+02  -9.3034873e+03   0.0000000e+00
   1.2000000e+02  -1.4755125e+04   0.0000000e+00
   1.2800000e+02  -3.6762539e+03   0.0000000e+00
   1.3600000e+02  -4.7472029e+03   0.0000000e+00
   1.4400000e+02  -6.2951426e+03   0.0000000e+00
   1.5200000e+02  -3.5287451e+03   0.0000000e+00
   1.6000000e+02   3.7333908e+02   0.0000000e+00
   1.6800000e+02   2.2850337e+02   0.0000000e+00
   1.7600000e+02  -2.0747091e+03   0.0000000e+00
   1.8400000e+02  -1.4142035e+03   0.0000000e+00
   1.9200000e+02  -1.0839042e+03   0.0000000e+00
   2.0000000e+02   1.7154737e+03   0.0000000e+00
   2.0800000e+02  -3.5062601e+03   0.0000000e+00
   2.1600000e+02   4.7145342e+03   0.0000000e+00
   2.2400000e+02  -1.6848697e+03   0.0000000e+00
   2.3200000e+02   2.4676648e+02   0.0000000e+00
   2.4000000e+02   2.5119999e+03   0.0000000e+00
   2.4800000e+02  -3.7737394e+03   0.0000000e+00
   2.5600000e+02  -7.0637541e+02   0.0000000e+00
   2.6400000e+02   9.3433663e+02   0.0000000e+00
   2.7200000e+02   5.7081299e+02   0.0000000e+00
   2.8000000e+02  -5.0257970e+03   0.0000000e+00
   2.8800000e+02   1.6095547e+03   0.0000000e+00
   2.9600000e+02   3.3345550e+03   0.0000000e+00
   3.0400000e+02   1.1860971e+03   0.0000000e+00
   3.1200000e+02  -3.5064361e+02   0.0000000e+00
   3.2000000e+02  -2.2405585e+03   0.0000000e+00
   3.2800000e+02  -5.8769672e+03   0.0000000e+00
   3.3600000e+02   2.0790856e+03   0.0000000e+00
   3.4400000e+02   3.3567631e+03   0.0000000e+00
   3.5200000e+02   1.4267309e+03   0.0000000e+00
   3.6000000e+02  -2.0931176e+03   0.0000000e+00
   3.6800000e+02   1.0749201e+02   0.0000000e+00
   3.7600000e+02  -1.3109833e+03   0.0000000e+00
   3.8400000e+02  -1.2183771e+03   0.0000000e+00
   3.9200000e+02   3.9057724e+03   0.0000000e+00
   4.0000000e+02   4.0669935e+03   0.0000000e+00
   4.0800000e+02  -1.9448219e+03   0.0000000e+00
   4.1600000e+02  -2.0967287e+03   0.0000000e+00
   4.2400000e+02  -4.2550293e+03   0.0000000e+00
   4.3200000e+02   5.5669415e+02   0.0000000e+00
   4.4000000e+02   3.3991171e+03   0.0000000e+00
   4.4800000e+02   8.1478690e+03   0.0000000e+00
   4.5600000e+02  -4.5357308e+03   0.0000000e+00
   4.6400000e+02   3.3071486e+03   0.0000000e+00
   4.7200000e+02   9.1366666e+02   0.0000000e+00
   4.8000000e+02  -6.4091889e+02   0.0000000e+00
   4.8800000e+02   4.8185390e+03   0.0000000e+00
   4.9600000e+02  -2.8503229e+03   0.0000000e+00
   5.0400000e+02   1.7661775e+03   0.0000000e+00
   5.1200000e+02  -1.5816047e+02   0.0000000e+00
   5.2000000e+02   2.2519221e+03   0.0000000e+00
   5.2800000e+02  -1.6475611e+03   0.0000000e+00
   5.3600000e+02   2.2086937e+03   0.0000000e+00
   5.4400000e+02   4.9741928e+03   0.0000000e+00
   5.5200000e+02  -3.1700483e+03   0.0000000e+00
   5.6000000e+02  -1.0970303e+03   0.0000000e+00
   5.6800000e+02  -1.7018958e+03   0.0000000e+00
   5.7600000e+02  -6.5795626e+02   0.0000000e+00
   5.8400000e+02  -1.5012281e+03   0.0000000e+00
   5.9200000e+02  -3.6768663e+03   0.0000000e+00
   6.0000000e+02  -6.2220765e+02   0.0000000e+00
   6.0800000e+02   9.8132854e+02   0.0000000e+00
   6.1600000e+02  -2.5596555e+03   0.0000000e+00
   6.2400000e+02  -2.4751793e+03   0.0000000e+00
   6.3200000e+02  -1.5055369e+02   0.0000000e+00
   6.4000000e+02  -2.2626432e+03   0.0000000e+00
   6.4800000e+02   2.7209176e+03   0.0000000e+00
   6.5600000e+02   2.4762345e+03   0.0000000e+00
   6.6400000e+02  -2.3574860e+03   0.0000000e+00
   6.7200000e+02   5.2918270e+02   0.0000000e+00
   6.8000000e+02  -1.2964518e+03   0.0000000e+00
   6.8800000e+02  -7.5416247e+02   0.0000000e+00
   6.9600000e+02  -8.8628884e+02   0.0000000e+00
   7.0400000e+02   1.1816229e+03   0.0000000e+00
   7.1200000e+02  -5.4220167e+03   0.0000000e+00
   7.2000000e+02   1.8860079e+03   0.0000000e+00
   7.2800000e+02   6.5997099e+02   0.0000000e+00
   7.3600000e+02  -5.4791289e+02   0.0000000e+00
   7.4400000e+02  -2.5908841e+03   0.0000000e+00
   7.5200000e+02   1.1423510e+03   0.0000000e+00
   7.6000000e+02  -2.2484568e+03   0.0000000e+00
   7.6800000e+02   3.3664985e+01   0.0000000e+00
   7.7600000e+02  -6.2351130e+03   0.0000000e+00
   7.8400000e+02  -7.0569800e+03   0.0000000e+00
   7.9200000e+02   8.9394334e+02   0.0000000e+00
   8.0000000e+02  -2.0449690e+03   0.0000000e+00
   8.0800000e+02   2.6552910e+03   0.0000000e+00
   8.1600000e+02   1.9678199e+03   0.0000000e+00
   8.2400000e+02  -8.9924358e+02   0.0000000e+00
   8.3200000e+02   3.9854681e+03   0.0000000e+00
   8.4000000e+02  -1.1935699e+03   0.0000000e+00
   8.4800000e+02  -2.7021431e+03   0.0000000e+00
   8.5600000e+02   5.2071923e+02   0.0000000e+00
   8.6400000e+02   5.3440504e+03   0.0000000e+00
   8.7200000e+02  -3.1220414e+02   0.0000000e+00
   8.8000000e+02   3.9239568e+03   0.0000000e+00
   8.8800000e+02   4.7245102e+02   0.0000000e+00
   8.9600000e+02   6.4016968e+03   0.0000000e+00
   9.0400000e+02   1.3011567e+03   0.0000000e+00
   9.1200000e+02  -1.3303596e+03   0.0000000e+00
