  -1.2000000e+02  -9.4578851e+05   0.0000000e+00
  -1.1200000e+02  -9.4561397e+05   0.0000000e+00
  -1.0400000e+02  -9.4543946e+05   0.0000000e+00
  -9.6000000e+01  -9.4526498e+05   0.0000000e+00
  -8.8000000e+01  -9.4509054e+05   0.0000000e+00
  -8.0000000e+01  -9.4491612e+05   0.0000000e+00
  -7.2000000e+01  -9.4474174e+05   0.0000000e+00
  -6.4000000e+01  -9.4456739e+05   0.0000000e+00
  -5.6000000e+01  -9.4439308e+05   0.0000000e+00
  -4.8000000e+01  -9.4421879e+05   0.0000000e+00
  -4.0000000e+01  -9.4404454e+05   0.0000000e+00
  -3.2000000e+01  -9.4387032e+05   0.0000000e+00
  -2.4000000e+01  -9.4369613e+05   0.0000000e+00
  -1.6000000e+01  -9.4352197e+05   0.0000000e+00
  -8.0000000e+00  -9.4334785e+05   0.0000000e+00
   0.0000000e+00  -9.4317376e+05   0.0000000e+00
   8.0000000e+00  -9.4299970e+05   0.0000000e+00
   1.6000000e+01  -9.4282567e+05   0.0000000e+00
   2.4000000e+01  -9.4265167e+05   0.0000000e+00
   3.2000000e+01  -9.4247771e+05   0.0000000e+00
   4.0000000e+01  -9.4230378e+05   0.0000000e+00
   4.8000000e+01  -9.4212988e+05   0.0000000e+00
   5.6000000e+01  -9.4195601e+05   0.0000000e+00
   6.4000000e+01  -9.4178218e+05   0.0000000e+00
   7.2000000e+01  -9.4160837e+05   0.0000000e+00
   8.0000000e+01  -9.4143460e+05   0.0000000e+00
   8.8000000e+01  -9.4126086e+05   0.0000000e+00
   9.6000000e+01  -9.4108716e+05   0.0000000e+00
   1.0400000e+02  -9.4091348e+05   0.0000000e+00
   1.1200000e+02  -9.4073984e+05   0.0000000e+00
   1.2000000e+02  -9.4056623e+05   0.0000000e+00
   1.2800000e+02  -9.4039265e+05   0.0000000e+00
   1.3600000e+02  -9.4021910e+05   0.0000000e+00
   1.4400000e+02  -9.4004559e+05   0.0000000e+00
   1.5200000e+02  -9.3987210e+05   0.0000000e+00
   1.6000000e+02  -9.3969865e+05   0.0000000e+00
   1.6800000e+02  -9.3952524e+05   0.0000000e+00
   1.7600000e+02  -9.3935185e+05   0.0000000e+00
   1.8400000e+02  -9.3917849e+05   0.0000000e+00
   1.9200000e+02  -9.3900517e+05   0.0000000e+00
   2.0000000e+02  -9.3883188e+05   0.0000000e+00
   2.0800000e+02  -9.3865862e+05   0.0000000e+00
   2.1600000e+02  -9.3848540e+05   0.0000000e+00
   2.2400000e+02  -9.3831220e+05   0.0000000e+00
   2.3200000e+02  -9.3813904e+05   0.0000000e+00
   2.4000000e+02  -9.3796591e+05   0.0000000e+00
   2.4800000e+02  -9.3779281e+05   0.0000000e+00
   2.5600000e+02  -9.3761974e+05   0.0000000e+00
   2.6400000e+02  -9.3744671e+05   0.0000000e+00
   2.7200000e+02  -9.3727370e+05   0.0000000e+00
   2.8000000e+02  -9.3710073e+05   0.0000000e+00
   2.8800000e+02  -9.3692779e+05   0.0000000e+00
   2.9600000e+02  -9.3675489e+05   0.0000000e+00
   3.0400000e+02  -9.3658201e+05   0.0000000e+00
   3.1200000e+02  -9.3640917e+05   0.0000000e+00
   3.2000000e+02  -9.3623636e+05   0.0000000e+00
   3.2800000e+02  -9.3606358e+05   0.0000000e+00
   3.3600000e+02  -9.3589083e+05   0.0000000e+00
   3.4400000e+02  -9.3571811e+05   0.0000000e+00
   3.5200000e+02  -9.3554543e+05   0.0000000e+00
   3.6000000e+02  -9.3537278e+05   0.0000000e+00
   3.6800000e+02  -9.3520016e+05   0.0000000e+00
   3.7600000e+02  -9.3502757e+05   0.0000000e+00
   3.8400000e+02  -9.3485501e+05   0.0000000e+00
   3.9200000e+02  -9.3468249e+05   0.0000000e+00
   4.0000000e+02  -9.3450999e+05   0.0000000e+00
   4.0800000e+02  -9.3433753e+05   0.0000000e+00
   4.1600000e+02  -9.3416510e+05   0.0000000e+00
   4.2400000e+02  -9.3399271e+05   0.0000000e+00
   4.3200000e+02  -9.3382034e+05   0.0000000e+00
   4.4000000e+02  -9.3364801e+05   0.0000000e+00
   4.4800000e+02  -9.3347570e+05   0.0000000e+00
   4.5600000e+02  -9.3330343e+05   0.0000000e+00
   4.6400000e+02  -9.3313120e+05   0.0000000e+00
   4.7200000e+02  -9.3295899e+05   0.0000000e+00
   4.8000000e+02  -9.3278681e+05   0.0000000e+00
   4.8800000e+02  -9.3261467e+05   0.0000000e+00
   4.9600000e+02  -9.3244256e+05   0.0000000e+00
   5.0400000e+02  -9.3227048e+05   0.0000000e+00
   5.1200000e+02  -9.3209843e+05   0.0000000e+00
   5.2000000e+02  -9.3192642e+05   0.0000000e+00
   5.2800000e+02  -9.3175443e+05   0.0000000e+00
   5.3600000e+02  -9.3158248e+05   0.0000000e+00
   5.4400000e+02  -9.3141056e+05   0.0000000e+00
   5.5200000e+02  -9.3123867e+05   0.0000000e+00
   5.6000000e+02  -9.3106681e+05   0.0000000e+00
   5.6800000e+02  -9.3089499e+05   0.0000000e+00
   5.7600000e+02  -9.3072319e+05   0.0000000e+00
   5.8400000e+02  -9.3055143e+05   0.0000000e+00
   5.9200000e+02  -9.3037970e+05   0.0000000e+00
   6.0000000e+02  -9.3020800e+05   0.0000000e+00
   6.0800000e+02  -9.3003634e+05   0.0000000e+00
   6.1600000e+02  -9.2986470e+05   0.0000000e+00
   6.2400000e+02  -9.2969310e+05   0.0000000e+00
   6.3200000e+02  -9.2952152e+05   0.0000000e+00
   6.4000000e+02  -9.2934998e+05   0.0000000e+00
   6.4800000e+02  -9.2917847e+05   0.0000000e+00
   6.5600000e+02  -9.2900700e+05   0.0000000e+00
   6.6400000e+02  -9.2883555e+05   0.0000000e+00
   6.7200000e+02  -9.2866414e+05   0.0000000e+00
   6.8000000e+02  -9.2849276e+05   0.0000000e+00
   6.8800000e+02  -9.2832141e+05   0.0000000e+00
   6.9600000e+02  -9.2815009e+05   0.0000000e+00
   7.0400000e+02  -9.2797880e+05   0.0000000e+00
   7.1200000e+02  -9.2780754e+05   0.0000000e+00
   7.2000000e+02  -9.2763632e+05   0.0000000e+00
   7.2800000e+02  -9.2746513e+05   0.0000000e+00
   7.3600000e+02  -9.2729397e+05   0.0000000e+00
   7.4400000e+02  -9.2712284e+05   0.0000000e+00
   7.5200000e+02  -9.2695174e+05   0.0000000e+00
   7.6000000e+02  -9.2678067e+05   0.0000000e+00
   7.6800000e+02  -9.2660964e+05   0.0000000e+00
   7.7600000e+02  -9.2643863e+05   0.0000000e+00
   7.8400000e+02  -9.2626766e+05   0.0000000e+00
   7.9200000e+02  -9.2609672e+05   0.0000000e+00
   8.0000000e+02  -9.2592582e+05   0.0000000e+00
   8.0800000e+02  -9.2575494e+05   0.0000000e+00
   8.1600000e+02  -9.2558409e+05   0.0000000e+00
   8.2400000e+02  -9.2541328e+05   0.0000000e+00
   8.3200000e+02  -9.2524250e+05   0.0000000e+00
   8.4000000e+02  -9.2507175e+05   0.0000000e+00
   8.4800000e+02  -9.2490103e+05   0.0000000e+00
   8.5600000e+02  -9.2473034e+05   0.0000000e+00
   8.6400000e+02  -9.2455968e+05   0.0000000e+00
   8.7200000e+02  -9.2438906e+05   0.0000000e+00
   8.8000000e+02  -9.2421846e+05   0.0000000e+00
   8.8800000e+02  -9.2404790e+05   0.0000000e+00
   8.9600000e+02  -9.2387737e+05   0.0000000e+00
   9.0400000e+02  -9.2370687e+05   0.0000000e+00
   9.1200000e+02  -9.2353641e+05   0.0000000e+00
