   0.0000000e+00  -3.9106468e+04   0.0000000e+00
   8.0000000e+00  -3.7103578e+04   0.0000000e+00
   1.6000000e+01  -3.4385410e+04   0.0000000e+00
   2.4000000e+01  -4.0672803e+04   0.0000000e+00
   3.2000000e+01  -4.2373806e+04   0.0000000e+00
   4.0000000e+01  -4.7733448e+04   0.0000000e+00
   4.8000000e+01  -4.6990123e+04   0.0000000e+00
   5.6000000e+01  -5.0836365e+04   0.0000000e+00
   6.4000000e+01  -4.3492269e+04   0.0000000e+00
   7.2000000e+01  -3.8017042e+04   0.0000000e+00
   8.0000000e+01  -3.4553144e+04   0.0000000e+00
   8.8000000e+01  -3.1803751e+04   0.0000000e+00
   9.6000000e+01  -1.9414196e+04   0.0000000e+00
   1.0400000e+02  -1.6845973e+04   0.0000000e+00
   1.1200000e+02  -9.7145071e+03   0.0000000e+00
   1.2000000e+02  -9.2633532e+03   0.0000000e+00
   1.2800000e+02  -4.6794623e+03   0.0000000e+00
   1.3600000e+02  -2.5912054e+03   0.0000000e+00
   1.4400000e+02  -3.6135871e+03   0.0000000e+00
   1.5200000e+02   3.2778477e+03   0.0000000e+00
   1.6000000e+02  -1.3918068e+03   0.0000000e+00
   1.6800000e+02   5.7931089e+02   0.0000000e+00
   1.7600000e+02  -1.5110080e+03   0.0000000e+00
   1.8400000e+02  -1.3552771e+03   0.0000000e+00
   1.9200000e+02  -1.4223890e+03   0.0000000e+00
   2.0000000e+02  -1.1320140e+03   0.0000000e+00
   2.0800000e+02   9.3101222e+02   0.0000000e+00
   2.1600000e+02   1.4379283e+03   0.0000000e+00
   2.2400000e+02   2.3835751e+03   0.0000000e+00
   2.3200000e+02  -9.6860523e+02   0.0000000e+00
   2.4000000e+02   6.6236520e+01   0.0000000e+00
   2.4800000e+02  -4.0159866e+03   0.0000000e+00
   2.5600000e+02   1.2888438e+03   0.0000000e+00
   2.6400000e+02  -3.5173064e+03   0.0000000e+00
   2.7200000e+02  -3.1317162e+02   0.0000000e+00
   2.8000000e+02   6.4755258e+02   0.0000000e+00
   2.8800000e+02  -2.6242869e+03   0.0000000e+00
   2.9600000e+02   2.2070953e+03   0.0000000e+00
   3.0400000e+02   2.9095854e+03   0.0000000e+00
   3.1200000e+02  -2.9246535e+02   0.0000000e+00
   3.2000000e+02  -2.7956645e+03   0.0000000e+00
   3.2800000e+02  -8.0986146e+02   0.0000000e+00
   3.3600000e+02   3.4387212e+03   0.0000000e+00
   3.4400000e+02   3.7940493e+03   0.0000000e+00
   3.5200000e+02  -3.2845024e+03   0.0000000e+00
   3.6000000e+02  -4.2667254e+03   0.0000000e+00
   3.6800000e+02   5.9793262e+02   0.0000000e+00
   3.7600000e+02   5.3627350e+03   0.0000000e+00
   3.8400000e+02   4.5139808e+03   0.0000000e+00
   3.9200000e+02  -1.3392053e+03   0.0000000e+00
   4.0000000e+02   4.2387167e+03   0.0000000e+00
   4.0800000e+02  -3.0377130e+02   0.0000000e+00
   4.1600000e+02  -2.1173291e+02   0.0000000e+00
   4.2400000e+02   4.5015000e+02   0.0000000e+00
   4.3200000e+02   1.9283088e+03   0.0000000e+00
   4.4000000e+02  -1.3969666e+03   0.0000000e+00
   4.4800000e+02  -5.9484334e+02   0.0000000e+00
   4.5600000e+02  -5.8776828e+02   0.0000000e+00
   4.6400000e+02   7.5978228e+03   0.0000000e+00
   4.7200000e+02  -5.8766758e+02   0.0000000e+00
   4.8000000e+02  -1.4669042e+03   0.0000000e+00
   4.8800000e+02   3.0446993e+02   0.0000000e+00
   4.9600000e+02  -1.3633213e+03   0.0000000e+00
   5.0400000e+02   3.5917181e+03   0.0000000e+00
   5.1200000e+02   2.3052984e+03   0.0000000e+00
   5.2000000e+02  -4.5853620e+03   0.0000000e+00
   5.2800000e+02   2.4604264e+01   0.0000000e+00
   5.3600000e+02  -3.3405775e+03   0.0000000e+00
   5.4400000e+02   2.0783807e+03   0.0000000e+00
   5.5200000e+02  -2.1467222e+03   0.0000000e+00
   5.6000000e+02  -8.2808071e+01   0.0000000e+00
   5.6800000e+02  -5.4370113e+03   0.0000000e+00
   5.7600000e+02   1.0750508e+02   0.0000000e+00
   5.8400000e+02  -1.9237687e+03   0.0000000e+00
   5.9200000e+02  -6.8592303e+03   0.0000000e+00
   6.0000000e+02  -4.5857123e+03   0.0000000e+00
   6.0800000e+02  -3.9598429e+03   0.0000000e+00
   6.1600000e+02   2.4330854e+03   0.0000000e+00
   6.2400000e+02  -2.9239609e+03   0.0000000e+00
   6.3200000e+02   3.4637835e+03   0.0000000e+00
   6.4000000e+02  -6.3899390e+03   0.0000000e+00
   6.4800000e+02   2.1145391e+03   0.0000000e+00
   6.5600000e+02  -6.3157018e+02   0.0000000e+00
   6.6400000e+02   2.9386639e+02   0.0000000e+00
   6.7200000e+02  -3.4854013e+02   0.0000000e+00
   6.8000000e+02  -4.6046476e+02   0.0000000e+00
   6.8800000e+02   6.3495787e+03   0.0000000e+00
   6.9600000e+02  -6.4295982e+03   0.0000000e+00
   7.0400000e+02   7.7001472e+02   0.0000000e+00
   7.1200000e+02  -1.2400303e+03   0.0000000e+00
   7.2000000e+02   4.3439460e+03   0.0000000e+00
   7.2800000e+02  -4.5605274e+03   0.0000000e+00
   7.3600000e+02   4.3646134e+03   0.0000000e+00
   7.4400000e+02  -3.3396501e+02   0.0000000e+00
   7.5200000e+02   6.4937102e+03   0.0000000e+00
   7.6000000e+02   3.2556461e+02   0.0000000e+00
   7.6800000e+02   1.7269655e+02   0.0000000e+00
   7.7600000e+02   2.6772683e+03   0.0000000e+00
   7.8400000e+02   1.5010005e+03   0.0000000e+00
   7.9200000e+02  -1.2233734e+03   0.0000000e+00
   8.0000000e+02   2.2118029e+03   0.0000000e+00
   8.0800000e+02   5.4851340e+03   0.0000000e+00
   8.1600000e+02  -4.6292757e+03   0.0000000e+00
   8.2400000e+02  -2.5682501e+03   0.0000000e+00
   8.3200000e+02   6.8751885e+03   0.0000000e+00
   8.4000000e+02  -5.0619513e+03   0.0000000e+00
   8.4800000e+02   1.2313670e+03   0.0000000e+00
   8.5600000e+02  -6.1217272e+02   0.0000000e+00
   8.6400000e+02   3.2772796e+03   0.0000000e+00
   8.7200000e+02  -2.2835374e+03   0.0000000e+00
   8.8000000e+02   4.8410509e+03   0.0000000e+00
   8.8800000e+02  -5.1449039e+03   0.0000000e+00
   8.9600000e+02   4.0798963e+03   0.0000000e+00
   9.0400000e+02  -1.1866213e+03   0.0000000e+00
   9.1200000e+02  -4.6976816e+03   0.0000000e+00
