   0.0000000e+00  -5.4161944e+05   6.4551398e+02
   8.0000000e+00  -4.4171526e+05   2.2044035e+03
   1.6000000e+01  -4.4381636e+05   7.8742755e+00
   2.4000000e+01  -4.5268664e+05  -2.1575356e+03
   3.2000000e+01  -4.5464330e+05  -6.7564757e+02
   4.0000000e+01  -4.6114325e+05   1.9531526e+03
   4.8000000e+01  -4.5973220e+05  -7.6992604e+03
   5.6000000e+01  -4.6156522e+05  -7.7652865e+02
   6.4000000e+01  -4.7575650e+05  -8.5570641e+02
   7.2000000e+01  -4.6345866e+05  -3.3798270e+03
   8.0000000e+01  -4.7142515e+05  -1.2377620e+03
   8.8000000e+01  -4.5909705e+05   6.7406291e+03
   9.6000000e+01  -4.6132312e+05   3.1796269e+03
   1.0400000e+02  -4.4737877e+05   1.9749442e+03
   1.1200000e+02  -4.4077492e+05   1.2781941e+04
   1.2000000e+02  -4.4214578e+05   1.5460220e+04
   1.2800000e+02  -4.4134068e+05   1.5690641e+04
   1.3600000e+02  -4.4110184e+05   1.1955173e+04
   1.4400000e+02  -4.5153046e+05   1.6761883e+04
   1.5200000e+02  -4.5829267e+05   1.4891746e+04
   1.6000000e+02  -4.5930265e+05   1.6950221e+04
   1.6800000e+02  -4.6880432e+05   1.3848042e+04
   1.7600000e+02  -4.6878807e+05   1.2575718e+04
   1.8400000e+02  -4.6238890e+05   8.9761603e+03
   1.9200000e+02  -4.6563855e+05   6.1376962e+03
   2.0000000e+02  -4.5957866e+05   5.3298473e+03
   2.0800000e+02  -4.6321913e+05  -2.5059047e+03
   2.1600000e+02  -4.4946080e+05  -3.6341319e+03
   2.2400000e+02  -4.5169124e+05  -1.6785985e+03
   2.3200000e+02  -4.4167176e+05  -3.9106991e+03
   2.4000000e+02  -4.4698190e+05  -2.5186702e+03
   2.4800000e+02  -4.3576157e+05   1.7619844e+03
   2.5600000e+02  -4.3669111e+05  -1.4630577e+03
   2.6400000e+02  -4.3809768e+05  -3.0166746e+03
   2.7200000e+02  -4.3518997e+05  -6.2674779e+02
   2.8000000e+02  -4.3114661e+05  -4.3483014e+03
   2.8800000e+02  -4.3115022e+05  -1.8120340e+03
   2.9600000e+02  -4.3331225e+05   1.7460144e+02
   3.0400000e+02  -4.3251061e+05  -3.2762513e+03
   3.1200000e+02  -4.3203923e+05  -2.5663956e+03
   3.2000000e+02  -4.2909881e+05   8.6419092e+02
   3.2800000e+02  -4.3417955e+05  -3.2602782e+03
   3.3600000e+02  -4.2581781e+05   2.2101129e+03
   3.4400000e+02  -4.3207631e+05   1.6232907e+02
   3.5200000e+02  -4.3000382e+05  -1.3330850e+03
   3.6000000e+02  -4.2759777e+05  -1.1177421e+03
   3.6800000e+02  -4.3374275e+05  -1.9869184e+03
   3.7600000e+02  -4.3053467e+05   1.2503000e+02
   3.8400000e+02  -4.2875328e+05  -3.1997102e+03
   3.9200000e+02  -4.2897618e+05  -1.1395972e+03
   4.0000000e+02  -4.3443221e+05  -4.6000681e+03
   4.0800000e+02  -4.2765632e+05  -3.2101526e+03
   4.1600000e+02  -4.2579084e+05   5.3661282e+02
   4.2400000e+02  -4.2779885e+05  -1.3500971e+02
   4.3200000e+02  -4.2919520e+05  -7.5968087e+02
   4.4000000e+02  -4.3094476e+05   1.2042855e+02
   4.4800000e+02  -4.3444087e+05  -2.9788136e+03
   4.5600000e+02  -4.2634456e+05  -1.5652796e+03
   4.6400000e+02  -4.2492667e+05  -1.6589543e+03
   4.7200000e+02  -4.2671653e+05  -5.7387442e+03
   4.8000000e+02  -4.3009626e+05  -1.8979170e+03
   4.8800000e+02  -4.2775558e+05  -2.8488146e+03
   4.9600000e+02  -4.2903402e+05  -3.4060321e+03
   5.0400000e+02  -4.2880143e+05  -4.5021891e+03
   5.1200000e+02  -4.2353735e+05   2.1540856e+03
   5.2000000e+02  -4.2323623e+05   1.4010562e+03
   5.2800000e+02  -4.2910820e+05  -5.4702344e+03
   5.3600000e+02  -4.2912031e+05   5.2244436e+02
   5.4400000e+02  -4.3113886e+05   7.9804256e+02
   5.5200000e+02  -4.2618743e+05   1.4059093e+03
   5.6000000e+02  -4.2320534e+05  -3.1647462e+03
   5.6800000e+02  -4.1831697e+05   5.0346087e+03
   5.7600000e+02  -4.3086100e+05  -2.4048930e+03
   5.8400000e+02  -4.2287860e+05  -3.7580610e+02
   5.9200000e+02  -4.2513260e+05  -3.6113073e+02
   6.0000000e+02  -4.2654775e+05  -1.6546123e+03
   6.0800000e+02  -4.2094890e+05  -1.3992993e+03
   6.1600000e+02  -4.2847842e+05   2.0596642e+02
   6.2400000e+02  -4.2372262e+05  -1.5117929e+03
   6.3200000e+02  -4.2550771e+05  -5.1526076e+03
   6.4000000e+02  -4.2295842e+05   2.2964764e+03
   6.4800000e+02  -4.2671874e+05  -1.2733281e+03
   6.5600000e+02  -4.2272337e+05   9.3126367e+02
   6.6400000e+02  -4.1981881e+05  -4.8934800e+03
   6.7200000e+02  -4.2782402e+05  -3.5659757e+03
   6.8000000e+02  -4.2561203e+05  -3.1250586e+03
   6.8800000e+02  -4.2607796e+05   1.4935925e+02
   6.9600000e+02  -4.2489513e+05  -3.5935371e+03
   7.0400000e+02  -4.2559956e+05  -2.4821669e+03
   7.1200000e+02  -4.2763640e+05  -1.4692640e+03
   7.2000000e+02  -4.2444299e+05   3.6385341e+02
   7.2800000e+02  -4.2270075e+05  -1.4522407e+03
   7.3600000e+02  -4.2610308e+05   3.3309656e+03
   7.4400000e+02  -4.2587998e+05  -3.9556029e+03
   7.5200000e+02  -4.2341679e+05  -3.8810245e+03
   7.6000000e+02  -4.2539035e+05   2.5455145e+03
   7.6800000e+02  -4.2026831e+05  -2.6503678e+03
   7.7600000e+02  -4.2037456e+05   1.0533520e+03
   7.8400000e+02  -4.2506990e+05  -7.0685375e+03
   7.9200000e+02  -4.2204488e+05   2.1034329e+03
   8.0000000e+02  -4.2373222e+05  -5.6958486e+02
   8.0800000e+02  -4.2305168e+05   2.0496828e+03
   8.1600000e+02  -4.2304560e+05   7.6449132e+02
   8.2400000e+02  -4.2083952e+05  -2.2068093e+03
   8.3200000e+02  -4.2730505e+05   5.3054699e+02
   8.4000000e+02  -4.1985895e+05  -5.7457717e+02
   8.4800000e+02  -4.2094696e+05  -2.0873845e+03
   8.5600000e+02  -4.2201686e+05   1.6490246e+03
   8.6400000e+02  -4.2392190e+05  -1.8351974e+03
   8.7200000e+02  -4.2005077e+05  -1.8001762e+02
   8.8000000e+02  -4.2330373e+05   6.0387579e+02
   8.8800000e+02  -4.2088381e+05  -9.3711621e+02
   8.9600000e+02  -4.2701483e+05  -2.5695423e+03
   9.0400000e+02  -4.2769899e+05  -4.7797269e+03
   9.1200000e+02  -4.1961040e+05  -1.6739446e+03
   9.2000000e+02  -4.2241169e+05  -1.0700131e+03
   9.2800000e+02  -4.1757386e+05   1.0124770e+03
   9.3600000e+02  -4.1812380e+05  -3.9167102e+03
   9.4400000e+02  -4.2085338e+05   9.9465053e+02
   9.5200000e+02  -4.1583123e+05  -1.2296592e+03
   9.6000000e+02  -4.2087287e+05  -1.2452870e+03
   9.6800000e+02  -4.2224409e+05  -1.1772288e+03
   9.7600000e+02  -4.1888392e+05   1.8065198e+02
   9.8400000e+02  -4.1392333e+05  -5.2001209e+03
   9.9200000e+02  -4.1944237e+05  -5.6224989e+03
   1.0000000e+03  -4.1506904e+05  -9.1666633e+02
   1.0080000e+03  -4.1838342e+05  -3.5822633e+03
   1.0160000e+03  -4.1231709e+05   2.3273852e+03
   1.0240000e+03  -4.1728060e+05   8.0259797e+02
   1.0320000e+03  -4.1977512e+05  -2.8668794e+03
   1.0400000e+03  -4.1525774e+05  -1.7282524e+03
   1.0480000e+03  -4.1789463e+05   4.2464895e+02
   1.0560000e+03  -4.1862585e+05  -2.0939427e+03
   1.0640000e+03  -4.1655096e+05  -1.4108957e+02
   1.0720000e+03  -4.2242104e+05   4.3206453e+01
   1.0800000e+03  -4.2309640e+05   1.6152339e+03
   1.0880000e+03  -4.1649155e+05   2.4723548e+03
   1.0960000e+03  -4.2123318e+05  -1.3425519e+03
   1.1040000e+03  -4.1789220e+05   9.1265932e+02
   1.1120000e+03  -4.2276689e+05  -4.5006342e+03
   1.1200000e+03  -4.1900531e+05  -2.2029565e+03
   1.1280000e+03  -4.1161077e+05  -6.1516856e+02
   1.1360000e+03  -4.1681515e+05  -6.8565865e+02
   1.1440000e+03  -4.1575370e+05  -4.7599859e+03
   1.1520000e+03  -4.2394995e+05  -4.5730655e+03
   1.1600000e+03  -4.1513470e+05  -6.6277987e+02
   1.1680000e+03  -4.2418098e+05  -2.9788857e+03
   1.1760000e+03  -4.1908540e+05  -2.6649421e+03
   1.1840000e+03  -4.1730676e+05   2.5889525e+02
   1.1920000e+03  -4.2291550e+05   2.2899108e+03
   1.2000000e+03  -4.1958741e+05   4.5193698e+02
   1.2080000e+03  -4.2067904e+05  -3.8420638e+03
   1.2160000e+03  -4.1706686e+05  -5.1437312e+03
   1.2240000e+03  -4.1797523e+05   1.7468246e+03
   1.2320000e+03  -4.1719593e+05   6.4739748e+03
   1.2400000e+03  -4.2307599e+05   1.1909283e+03
   1.2480000e+03  -4.1903271e+05   3.3118822e+03
   1.2560000e+03  -4.2398928e+05   7.1891100e+02
   1.2640000e+03  -4.1526024e+05   1.9560997e+03
   1.2720000e+03  -4.1804820e+05   1.4457592e+03
   1.2800000e+03  -4.1666154e+05   1.1064744e+03
   1.2880000e+03  -4.2019051e+05  -1.2222683e+03
   1.2960000e+03  -4.1525675e+05  -2.7923577e+03
   1.3040000e+03  -4.1878500e+05  -1.1167628e+03
   1.3120000e+03  -4.2440950e+05  -3.0168805e+03
   1.3200000e+03  -4.1380744e+05   4.8784633e+02
   1.3280000e+03  -4.1309377e+05  -3.1878677e+03
   1.3360000e+03  -4.1039123e+05  -5.8222103e+02
   1.3440000e+03  -4.2406246e+05  -6.2067257e+03
   1.3520000e+03  -4.1347365e+05   2.5206281e+03
   1.3600000e+03  -4.1839509e+05   8.9208465e+01
   1.3680000e+03  -4.1371778e+05  -4.4757642e+03
   1.3760000e+03  -4.1108110e+05  -1.8810467e+02
   1.3840000e+03  -4.1272336e+05   2.0817125e+03
   1.3920000e+03  -4.1250453e+05   2.1438369e+03
   1.4000000e+03  -4.1112690e+05   3.3978090e+03
   1.4080000e+03  -4.1393916e+05   2.2567338e+03
   1.4160000e+03  -4.1422768e+05  -4.6930701e+03
   1.4240000e+03  -4.1504991e+05   3.0818801e+02
   1.4320000e+03  -4.1668253e+05  -3.3537429e+02
