  -1.2000000e+02  -6.8855204e+05   0.0000000e+00
  -1.1200000e+02  -6.8835604e+05   0.0000000e+00
  -1.0400000e+02  -6.8816010e+05   0.0000000e+00
  -9.6000000e+01  -6.8796421e+05   0.0000000e+00
  -8.8000000e+01  -6.8776838e+05   0.0000000e+00
  -8.0000000e+01  -6.8757261e+05   0.0000000e+00
  -7.2000000e+01  -6.8737689e+05   0.0000000e+00
  -6.4000000e+01  -6.8718122e+05   0.0000000e+00
  -5.6000000e+01  -6.8698561e+05   0.0000000e+00
  -4.8000000e+01  -6.8679006e+05   0.0000000e+00
  -4.0000000e+01  -6.8659457e+05   0.0000000e+00
  -3.2000000e+01  -6.8639912e+05   0.0000000e+00
  -2.4000000e+01  -6.8620374e+05   0.0000000e+00
  -1.6000000e+01  -6.8600841e+05   0.0000000e+00
  -8.0000000e+00  -6.8581313e+05   0.0000000e+00
   0.0000000e+00  -6.8561792e+05   0.0000000e+00
   8.0000000e+00  -6.8542275e+05   0.0000000e+00
   1.6000000e+01  -6.8522765e+05   0.0000000e+00
   2.4000000e+01  -6.8503259e+05   0.0000000e+00
   3.2000000e+01  -6.8483760e+05   0.0000000e+00
   4.0000000e+01  -6.8464266e+05   0.0000000e+00
   4.8000000e+01  -6.8444777e+05   0.0000000e+00
   5.6000000e+01  -6.8425294e+05   0.0000000e+00
   6.4000000e+01  -6.8405817e+05   0.0000000e+00
   7.2000000e+01  -6.8386345e+05   0.0000000e+00
   8.0000000e+01  -6.8366878e+05   0.0000000e+00
   8.8000000e+01  -6.8347418e+05   0.0000000e+00
   9.6000000e+01  -6.8327962e+05   0.0000000e+00
   1.0400000e+02  -6.8308512e+05   0.0000000e+00
   1.1200000e+02  -6.8289068e+05   0.0000000e+00
   1.2000000e+02  -6.8269630e+05   0.0000000e+00
   1.2800000e+02  -6.8250196e+05   0.0000000e+00
   1.3600000e+02  -6.8230769e+05   0.0000000e+00
   1.4400000e+02  -6.8211347e+05   0.0000000e+00
   1.5200000e+02  -6.8191930e+05   0.0000000e+00
   1.6000000e+02  -6.8172519e+05   0.0000000e+00
   1.6800000e+02  -6.8153114e+05   0.0000000e+00
   1.7600000e+02  -6.8133714e+05   0.0000000e+00
   1.8400000e+02  -6.8114319e+05   0.0000000e+00
   1.9200000e+02  -6.8094930e+05   0.0000000e+00
   2.0000000e+02  -6.8075547e+05   0.0000000e+00
   2.0800000e+02  -6.8056169e+05   0.0000000e+00
   2.1600000e+02  -6.8036797e+05   0.0000000e+00
   2.2400000e+02  -6.8017430e+05   0.0000000e+00
   2.3200000e+02  -6.7998068e+05   0.0000000e+00
   2.4000000e+02  -6.7978713e+05   0.0000000e+00
   2.4800000e+02  -6.7959362e+05   0.0000000e+00
   2.5600000e+02  -6.7940017e+05   0.0000000e+00
   2.6400000e+02  -6.7920678e+05   0.0000000e+00
   2.7200000e+02  -6.7901344e+05   0.0000000e+00
   2.8000000e+02  -6.7882016e+05   0.0000000e+00
   2.8800000e+02  -6.7862693e+05   0.0000000e+00
   2.9600000e+02  -6.7843376e+05   0.0000000e+00
   3.0400000e+02  -6.7824064e+05   0.0000000e+00
   3.1200000e+02  -6.7804758e+05   0.0000000e+00
   3.2000000e+02  -6.7785457e+05   0.0000000e+00
   3.2800000e+02  -6.7766162e+05   0.0000000e+00
   3.3600000e+02  -6.7746872e+05   0.0000000e+00
   3.4400000e+02  -6.7727587e+05   0.0000000e+00
   3.5200000e+02  -6.7708309e+05   0.0000000e+00
   3.6000000e+02  -6.7689035e+05   0.0000000e+00
   3.6800000e+02  -6.7669767e+05   0.0000000e+00
   3.7600000e+02  -6.7650505e+05   0.0000000e+00
   3.8400000e+02  -6.7631248e+05   0.0000000e+00
   3.9200000e+02  -6.7611997e+05   0.0000000e+00
   4.0000000e+02  -6.7592751e+05   0.0000000e+00
   4.0800000e+02  -6.7573510e+05   0.0000000e+00
   4.1600000e+02  -6.7554275e+05   0.0000000e+00
   4.2400000e+02  -6.7535046e+05   0.0000000e+00
   4.3200000e+02  -6.7515822e+05   0.0000000e+00
   4.4000000e+02  -6.7496603e+05   0.0000000e+00
   4.4800000e+02  -6.7477390e+05   0.0000000e+00
   4.5600000e+02  -6.7458182e+05   0.0000000e+00
   4.6400000e+02  -6.7438980e+05   0.0000000e+00
   4.7200000e+02  -6.7419783e+05   0.0000000e+00
   4.8000000e+02  -6.7400592e+05   0.0000000e+00
   4.8800000e+02  -6.7381406e+05   0.0000000e+00
   4.9600000e+02  -6.7362226e+05   0.0000000e+00
   5.0400000e+02  -6.7343051e+05   0.0000000e+00
   5.1200000e+02  -6.7323882e+05   0.0000000e+00
   5.2000000e+02  -6.7304718e+05   0.0000000e+00
   5.2800000e+02  -6.7285560e+05   0.0000000e+00
   5.3600000e+02  -6.7266406e+05   0.0000000e+00
   5.4400000e+02  -6.7247259e+05   0.0000000e+00
   5.5200000e+02  -6.7228117e+05   0.0000000e+00
   5.6000000e+02  -6.7208980e+05   0.0000000e+00
   5.6800000e+02  -6.7189849e+05   0.0000000e+00
   5.7600000e+02  -6.7170723e+05   0.0000000e+00
   5.8400000e+02  -6.7151603e+05   0.0000000e+00
   5.9200000e+02  -6.7132488e+05   0.0000000e+00
   6.0000000e+02  -6.7113378e+05   0.0000000e+00
   6.0800000e+02  -6.7094274e+05   0.0000000e+00
   6.1600000e+02  -6.7075176e+05   0.0000000e+00
   6.2400000e+02  -6.7056083e+05   0.0000000e+00
   6.3200000e+02  -6.7036995e+05   0.0000000e+00
   6.4000000e+02  -6.7017913e+05   0.0000000e+00
   6.4800000e+02  -6.6998836e+05   0.0000000e+00
   6.5600000e+02  -6.6979764e+05   0.0000000e+00
   6.6400000e+02  -6.6960698e+05   0.0000000e+00
   6.7200000e+02  -6.6941638e+05   0.0000000e+00
   6.8000000e+02  -6.6922583e+05   0.0000000e+00
   6.8800000e+02  -6.6903533e+05   0.0000000e+00
   6.9600000e+02  -6.6884489e+05   0.0000000e+00
   7.0400000e+02  -6.6865450e+05   0.0000000e+00
   7.1200000e+02  -6.6846417e+05   0.0000000e+00
   7.2000000e+02  -6.6827389e+05   0.0000000e+00
   7.2800000e+02  -6.6808366e+05   0.0000000e+00
   7.3600000e+02  -6.6789349e+05   0.0000000e+00
   7.4400000e+02  -6.6770337e+05   0.0000000e+00
   7.5200000e+02  -6.6751331e+05   0.0000000e+00
   7.6000000e+02  -6.6732330e+05   0.0000000e+00
   7.6800000e+02  -6.6713334e+05   0.0000000e+00
   7.7600000e+02  -6.6694344e+05   0.0000000e+00
   7.8400000e+02  -6.6675359e+05   0.0000000e+00
   7.9200000e+02  -6.6656380e+05   0.0000000e+00
   8.0000000e+02  -6.6637406e+05   0.0000000e+00
   8.0800000e+02  -6.6618437e+05   0.0000000e+00
   8.1600000e+02  -6.6599474e+05   0.0000000e+00
   8.2400000e+02  -6.6580517e+05   0.0000000e+00
   8.3200000e+02  -6.6561564e+05   0.0000000e+00
   8.4000000e+02  -6.6542617e+05   0.0000000e+00
   8.4800000e+02  -6.6523676e+05   0.0000000e+00
   8.5600000e+02  -6.6504740e+05   0.0000000e+00
   8.6400000e+02  -6.6485809e+05   0.0000000e+00
   8.7200000e+02  -6.6466883e+05   0.0000000e+00
   8.8000000e+02  -6.6447963e+05   0.0000000e+00
   8.8800000e+02  -6.6429049e+05   0.0000000e+00
   8.9600000e+02  -6.6410140e+05   0.0000000e+00
   9.0400000e+02  -6.6391236e+05   0.0000000e+00
   9.1200000e+02  -6.6372337e+05   0.0000000e+00
