   0.0000000e+00  -2.6831452e+05   0.0000000e+00
   8.0000000e+00  -2.6764670e+05   0.0000000e+00
   1.6000000e+01  -2.6106191e+05   0.0000000e+00
   2.4000000e+01  -2.4510239e+05   0.0000000e+00
   3.2000000e+01  -2.2834358e+05   0.0000000e+00
   4.0000000e+01  -1.9938992e+05   0.0000000e+00
   4.8000000e+01  -1.7865434e+05   0.0000000e+00
   5.6000000e+01  -1.5041555e+05   0.0000000e+00
   6.4000000e+01  -1.1643849e+05   0.0000000e+00
   7.2000000e+01  -9.1165713e+04   0.0000000e+00
   8.0000000e+01  -6.8100055e+04   0.0000000e+00
   8.8000000e+01  -4.8809358e+04   0.0000000e+00
   9.6000000e+01  -3.0189512e+04   0.0000000e+00
   1.0400000e+02  -1.8053448e+04   0.0000000e+00
   1.1200000e+02  -8.8039985e+03   0.0000000e+00
   1.2000000e+02  -3.4477529e+03   0.0000000e+00
   1.2800000e+02   5.4443716e+03   0.0000000e+00
   1.3600000e+02   4.8188113e+03   0.0000000e+00
   1.4400000e+02   6.7583962e+03   0.0000000e+00
   1.5200000e+02   6.2735313e+03   0.0000000e+00
   1.6000000e+02   5.2251759e+03   0.0000000e+00
   1.6800000e+02   4.6353140e+03   0.0000000e+00
   1.7600000e+02  -1.3882376e+03   0.0000000e+00
   1.8400000e+02  -7.7197914e+02   0.0000000e+00
   1.9200000e+02  -2.8704993e+03   0.0000000e+00
   2.0000000e+02  -9.0168967e+02   0.0000000e+00
   2.0800000e+02  -2.4103347e+03   0.0000000e+00
   2.1600000e+02  -3.6278801e+03   0.0000000e+00
   2.2400000e+02  -5.6372820e+03   0.0000000e+00
   2.3200000e+02   1.3664479e+03   0.0000000e+00
   2.4000000e+02  -6.1603319e+02   0.0000000e+00
   2.4800000e+02  -2.1742961e+03   0.0000000e+00
   2.5600000e+02   1.3046309e+03   0.0000000e+00
   2.6400000e+02   4.8183497e+03   0.0000000e+00
   2.7200000e+02   2.3990166e+03   0.0000000e+00
   2.8000000e+02   2.4240759e+03   0.0000000e+00
   2.8800000e+02   8.9689264e+03   0.0000000e+00
   2.9600000e+02   7.6393126e+03   0.0000000e+00
   3.0400000e+02   6.5910450e+03   0.0000000e+00
   3.1200000e+02   8.6793973e+03   0.0000000e+00
   3.2000000e+02   9.1217744e+03   0.0000000e+00
   3.2800000e+02   9.4934984e+03   0.0000000e+00
   3.3600000e+02   2.0647532e+03   0.0000000e+00
   3.4400000e+02   6.5286884e+03   0.0000000e+00
   3.5200000e+02   3.1075715e+03   0.0000000e+00
   3.6000000e+02   3.7687018e+03   0.0000000e+00
   3.6800000e+02   5.4628981e+03   0.0000000e+00
   3.7600000e+02   4.8132818e+03   0.0000000e+00
   3.8400000e+02   5.8113525e+03   0.0000000e+00
   3.9200000e+02  -8.7904724e+02   0.0000000e+00
   4.0000000e+02   4.8868315e+02   0.0000000e+00
   4.0800000e+02  -6.1130394e+02   0.0000000e+00
   4.1600000e+02  -1.2235887e+03   0.0000000e+00
   4.2400000e+02  -9.5958114e+02   0.0000000e+00
   4.3200000e+02   4.6313548e+02   0.0000000e+00
   4.4000000e+02   1.6854095e+03   0.0000000e+00
   4.4800000e+02  -7.9368645e+03   0.0000000e+00
   4.5600000e+02  -3.3006659e+03   0.0000000e+00
   4.6400000e+02   1.9988045e+02   0.0000000e+00
   4.7200000e+02  -8.5484510e+03   0.0000000e+00
   4.8000000e+02  -6.4400106e+03   0.0000000e+00
   4.8800000e+02  -1.7844226e+03   0.0000000e+00
   4.9600000e+02  -6.4509689e+03   0.0000000e+00
   5.0400000e+02   4.6013176e+01   0.0000000e+00
   5.1200000e+02  -8.5311212e+03   0.0000000e+00
   5.2000000e+02   9.1651704e+00   0.0000000e+00
   5.2800000e+02  -6.3387558e+03   0.0000000e+00
   5.3600000e+02  -8.6343759e+03   0.0000000e+00
   5.4400000e+02  -8.2107836e+03   0.0000000e+00
   5.5200000e+02  -6.4338631e+03   0.0000000e+00
   5.6000000e+02  -1.1062838e+04   0.0000000e+00
   5.6800000e+02  -8.2791266e+03   0.0000000e+00
   5.7600000e+02  -5.4931172e+03   0.0000000e+00
   5.8400000e+02  -1.0145097e+04   0.0000000e+00
   5.9200000e+02  -9.0717282e+03   0.0000000e+00
   6.0000000e+02  -1.1881205e+04   0.0000000e+00
   6.0800000e+02  -1.2255972e+04   0.0000000e+00
   6.1600000e+02  -6.0860796e+03   0.0000000e+00
   6.2400000e+02  -6.8861382e+03   0.0000000e+00
   6.3200000e+02  -1.2237064e+03   0.0000000e+00
   6.4000000e+02  -5.6622653e+03   0.0000000e+00
   6.4800000e+02  -5.2071362e+03   0.0000000e+00
   6.5600000e+02  -8.5413204e+03   0.0000000e+00
   6.6400000e+02  -1.4832090e+03   0.0000000e+00
   6.7200000e+02   2.4640369e+03   0.0000000e+00
   6.8000000e+02  -1.9869415e+03   0.0000000e+00
   6.8800000e+02  -5.4835154e+03   0.0000000e+00
   6.9600000e+02  -4.1664263e+02   0.0000000e+00
   7.0400000e+02  -5.5726217e+02   0.0000000e+00
   7.1200000e+02  -2.4434627e+03   0.0000000e+00
   7.2000000e+02   2.1930918e+03   0.0000000e+00
   7.2800000e+02   2.2825347e+03   0.0000000e+00
   7.3600000e+02   2.7978636e+03   0.0000000e+00
   7.4400000e+02   4.2229515e+03   0.0000000e+00
   7.5200000e+02   4.0732655e+03   0.0000000e+00
   7.6000000e+02   8.8492352e+03   0.0000000e+00
   7.6800000e+02   2.4939003e+03   0.0000000e+00
   7.7600000e+02   7.7117901e+03   0.0000000e+00
   7.8400000e+02   7.3088872e+03   0.0000000e+00
   7.9200000e+02  -5.5211074e+02   0.0000000e+00
   8.0000000e+02   1.9036551e+03   0.0000000e+00
   8.0800000e+02   6.2581020e+03   0.0000000e+00
   8.1600000e+02   2.5051300e+03   0.0000000e+00
   8.2400000e+02   4.0608326e+03   0.0000000e+00
   8.3200000e+02   1.8072089e+03   0.0000000e+00
   8.4000000e+02   5.4749815e+03   0.0000000e+00
   8.4800000e+02   5.1845616e+03   0.0000000e+00
   8.5600000e+02   1.2963803e+03   0.0000000e+00
   8.6400000e+02   7.4047523e+03   0.0000000e+00
   8.7200000e+02   7.9376402e+03   0.0000000e+00
   8.8000000e+02   1.2368949e+03   0.0000000e+00
   8.8800000e+02  -2.2086826e+03   0.0000000e+00
   8.9600000e+02   7.5695150e+02   0.0000000e+00
   9.0400000e+02   5.5589766e+03   0.0000000e+00
   9.1200000e+02   2.8464094e+03   0.0000000e+00
