   0.0000000e+00  -1.0225685e+05   0.0000000e+00
   8.0000000e+00  -1.0657439e+05   0.0000000e+00
   1.6000000e+01  -1.0890084e+05   0.0000000e+00
   2.4000000e+01  -1.0617163e+05   0.0000000e+00
   3.2000000e+01  -9.8184308e+04   0.0000000e+00
   4.0000000e+01  -9.2626819e+04   0.0000000e+00
   4.8000000e+01  -8.6017370e+04   0.0000000e+00
   5.6000000e+01  -8.1386544e+04   0.0000000e+00
   6.4000000e+01  -6.7575842e+04   0.0000000e+00
   7.2000000e+01  -5.3905404e+04   0.0000000e+00
   8.0000000e+01  -3.9067002e+04   0.0000000e+00
   8.8000000e+01  -3.1972031e+04   0.0000000e+00
   9.6000000e+01  -2.4778308e+04   0.0000000e+00
   1.0400000e+02  -1.7564979e+04   0.0000000e+00
   1.1200000e+02  -1.3132370e+04   0.0000000e+00
   1.2000000e+02  -4.0320925e+03   0.0000000e+00
   1.2800000e+02  -4.4621229e+03   0.0000000e+00
   1.3600000e+02   1.9899524e+02   0.0000000e+00
   1.4400000e+02   5.4462344e+02   0.0000000e+00
   1.5200000e+02  -2.5238066e+03   0.0000000e+00
   1.6000000e+02   4.3759626e+03   0.0000000e+00
   1.6800000e+02   4.1076881e+02   0.0000000e+00
   1.7600000e+02   4.8138934e+03   0.0000000e+00
   1.8400000e+02   1.2042965e+03   0.0000000e+00
   1.9200000e+02   3.4971399e+03   0.0000000e+00
   2.0000000e+02   1.1555072e+03   0.0000000e+00
   2.0800000e+02  -4.0768737e+03   0.0000000e+00
   2.1600000e+02  -4.6286080e+03   0.0000000e+00
   2.2400000e+02   5.6947506e+03   0.0000000e+00
   2.3200000e+02   1.3415821e+03   0.0000000e+00
   2.4000000e+02   3.3421757e+03   0.0000000e+00
   2.4800000e+02  -9.1476666e+02   0.0000000e+00
   2.5600000e+02   3.2636380e+03   0.0000000e+00
   2.6400000e+02   1.7109839e+03   0.0000000e+00
   2.7200000e+02  -2.7916309e+03   0.0000000e+00
   2.8000000e+02  -6.2580495e+02   0.0000000e+00
   2.8800000e+02   4.1117001e+03   0.0000000e+00
   2.9600000e+02   6.2290404e+03   0.0000000e+00
   3.0400000e+02   3.5742725e+03   0.0000000e+00
   3.1200000e+02   3.0761496e+03   0.0000000e+00
   3.2000000e+02   8.7192384e+02   0.0000000e+00
   3.2800000e+02   6.9209742e+02   0.0000000e+00
   3.3600000e+02   4.2839751e+03   0.0000000e+00
   3.4400000e+02  -2.9092141e+02   0.0000000e+00
   3.5200000e+02   1.2181705e+03   0.0000000e+00
   3.6000000e+02   3.1947960e+03   0.0000000e+00
   3.6800000e+02  -3.1268551e+02   0.0000000e+00
   3.7600000e+02   8.2298337e+02   0.0000000e+00
   3.8400000e+02   2.9718269e+03   0.0000000e+00
   3.9200000e+02   1.0916510e+03   0.0000000e+00
   4.0000000e+02  -2.9310080e+03   0.0000000e+00
   4.0800000e+02  -1.3222830e+03   0.0000000e+00
   4.1600000e+02  -6.9922399e+02   0.0000000e+00
   4.2400000e+02   2.0055319e+03   0.0000000e+00
   4.3200000e+02  -3.6513025e+02   0.0000000e+00
   4.4000000e+02   2.0452910e+03   0.0000000e+00
   4.4800000e+02  -1.3330847e+03   0.0000000e+00
   4.5600000e+02   7.1433135e+02   0.0000000e+00
   4.6400000e+02  -2.3756082e+03   0.0000000e+00
   4.7200000e+02   1.0991543e+03   0.0000000e+00
   4.8000000e+02   2.7612735e+03   0.0000000e+00
   4.8800000e+02  -2.5590398e+03   0.0000000e+00
   4.9600000e+02   8.0995620e+02   0.0000000e+00
   5.0400000e+02  -2.1961889e+03   0.0000000e+00
   5.1200000e+02   2.3168971e+01   0.0000000e+00
   5.2000000e+02  -5.1659703e+02   0.0000000e+00
   5.2800000e+02   1.6747357e+03   0.0000000e+00
   5.3600000e+02   9.8109558e+02   0.0000000e+00
   5.4400000e+02  -6.4606128e+03   0.0000000e+00
   5.5200000e+02  -3.8434326e+03   0.0000000e+00
   5.6000000e+02  -5.9431539e+03   0.0000000e+00
   5.6800000e+02  -1.7234858e+03   0.0000000e+00
   5.7600000e+02  -6.1686168e+03   0.0000000e+00
   5.8400000e+02  -7.9848780e+03   0.0000000e+00
   5.9200000e+02  -5.5038137e+03   0.0000000e+00
   6.0000000e+02  -2.9102969e+03   0.0000000e+00
   6.0800000e+02  -5.2593762e+03   0.0000000e+00
   6.1600000e+02   4.8105311e+03   0.0000000e+00
   6.2400000e+02  -5.3546278e+03   0.0000000e+00
   6.3200000e+02  -3.0994674e+03   0.0000000e+00
   6.4000000e+02  -3.4371286e+03   0.0000000e+00
   6.4800000e+02  -3.4904349e+03   0.0000000e+00
   6.5600000e+02  -3.8363706e+03   0.0000000e+00
   6.6400000e+02  -2.0394234e+03   0.0000000e+00
   6.7200000e+02  -3.3120777e+02   0.0000000e+00
   6.8000000e+02  -5.8278742e+03   0.0000000e+00
   6.8800000e+02  -2.4449254e+02   0.0000000e+00
   6.9600000e+02   1.5539999e+03   0.0000000e+00
   7.0400000e+02  -6.3949286e+02   0.0000000e+00
   7.1200000e+02  -2.1926151e+03   0.0000000e+00
   7.2000000e+02   1.1475183e+03   0.0000000e+00
   7.2800000e+02  -1.0694675e+03   0.0000000e+00
   7.3600000e+02   5.1153897e+03   0.0000000e+00
   7.4400000e+02   4.6732526e+02   0.0000000e+00
   7.5200000e+02   5.4525723e+02   0.0000000e+00
   7.6000000e+02   5.0616764e+03   0.0000000e+00
   7.6800000e+02  -1.4239955e+03   0.0000000e+00
   7.7600000e+02   2.6742668e+03   0.0000000e+00
   7.8400000e+02   4.0955908e+03   0.0000000e+00
   7.9200000e+02   1.1469275e+03   0.0000000e+00
   8.0000000e+02  -2.2087822e+02   0.0000000e+00
   8.0800000e+02   6.6341593e+03   0.0000000e+00
   8.1600000e+02   1.1105440e+04   0.0000000e+00
   8.2400000e+02   3.6845967e+03   0.0000000e+00
   8.3200000e+02   2.3104728e+03   0.0000000e+00
   8.4000000e+02   3.4810789e+02   0.0000000e+00
   8.4800000e+02   2.5170188e+02   0.0000000e+00
   8.5600000e+02   3.7028308e+03   0.0000000e+00
   8.6400000e+02   2.6604123e+03   0.0000000e+00
   8.7200000e+02  -2.3022390e+03   0.0000000e+00
   8.8000000e+02   5.7935543e+02   0.0000000e+00
   8.8800000e+02  -1.0573786e+03   0.0000000e+00
   8.9600000e+02  -2.8636143e+03   0.0000000e+00
   9.0400000e+02   1.5224225e+03   0.0000000e+00
   9.1200000e+02  -1.8323893e+03   0.0000000e+00
