   0.0000000e+00  -1.4739122e+05   0.0000000e+00
   8.0000000e+00  -1.4325689e+05   0.0000000e+00
   1.6000000e+01  -1.4401806e+05   0.0000000e+00
   2.4000000e+01  -1.3321614e+05   0.0000000e+00
   3.2000000e+01  -1.3001312e+05   0.0000000e+00
   4.0000000e+01  -1.2142220e+05   0.0000000e+00
   4.8000000e+01  -1.1127013e+05   0.0000000e+00
   5.6000000e+01  -9.7590124e+04   0.0000000e+00
   6.4000000e+01  -7.9884337e+04   0.0000000e+00
   7.2000000e+01  -6.8471000e+04   0.0000000e+00
   8.0000000e+01  -5.0437630e+04   0.0000000e+00
   8.8000000e+01  -3.6779319e+04   0.0000000e+00
   9.6000000e+01  -2.8010611e+04   0.0000000e+00
   1.0400000e+02  -1.8314737e+04   0.0000000e+00
   1.1200000e+02  -7.6031134e+03   0.0000000e+00
   1.2000000e+02  -2.6215663e+03   0.0000000e+00
   1.2800000e+02  -4.2455578e+03   0.0000000e+00
   1.3600000e+02  -1.1249245e+03   0.0000000e+00
   1.4400000e+02   6.3254088e+03   0.0000000e+00
   1.5200000e+02   4.2622628e+03   0.0000000e+00
   1.6000000e+02   6.5329773e+03   0.0000000e+00
   1.6800000e+02   3.4791300e+03   0.0000000e+00
   1.7600000e+02  -1.7786696e+03   0.0000000e+00
   1.8400000e+02   2.3843067e+03   0.0000000e+00
   1.9200000e+02   2.1515660e+03   0.0000000e+00
   2.0000000e+02  -9.2302464e+02   0.0000000e+00
   2.0800000e+02  -2.0768437e+03   0.0000000e+00
   2.1600000e+02   2.8821642e+03   0.0000000e+00
   2.2400000e+02  -2.8261715e+03   0.0000000e+00
   2.3200000e+02  -6.3258119e+02   0.0000000e+00
   2.4000000e+02   1.3917297e+03   0.0000000e+00
   2.4800000e+02   1.8130675e+03   0.0000000e+00
   2.5600000e+02   4.0814445e+03   0.0000000e+00
   2.6400000e+02   3.0439740e+03   0.0000000e+00
   2.7200000e+02  -2.6489213e+03   0.0000000e+00
   2.8000000e+02  -3.6766950e+03   0.0000000e+00
   2.8800000e+02   3.3608585e+03   0.0000000e+00
   2.9600000e+02   4.7318063e+03   0.0000000e+00
   3.0400000e+02   1.7540343e+03   0.0000000e+00
   3.1200000e+02  -6.4491368e+02   0.0000000e+00
   3.2000000e+02   3.0106558e+03   0.0000000e+00
   3.2800000e+02   3.3641544e+03   0.0000000e+00
   3.3600000e+02   7.8348945e+03   0.0000000e+00
   3.4400000e+02   2.1856390e+03   0.0000000e+00
   3.5200000e+02   1.0750959e+03   0.0000000e+00
   3.6000000e+02   5.3559481e+03   0.0000000e+00
   3.6800000e+02   2.6653186e+03   0.0000000e+00
   3.7600000e+02   6.4256830e+03   0.0000000e+00
   3.8400000e+02   1.1426642e+03   0.0000000e+00
   3.9200000e+02   1.0914997e+03   0.0000000e+00
   4.0000000e+02  -6.7114346e+02   0.0000000e+00
   4.0800000e+02   1.3886135e+03   0.0000000e+00
   4.1600000e+02   4.0574316e+03   0.0000000e+00
   4.2400000e+02   3.8465839e+02   0.0000000e+00
   4.3200000e+02   5.6515824e+02   0.0000000e+00
   4.4000000e+02  -2.2254330e+03   0.0000000e+00
   4.4800000e+02  -3.9191364e+03   0.0000000e+00
   4.5600000e+02  -1.6085001e+03   0.0000000e+00
   4.6400000e+02   2.8204726e+03   0.0000000e+00
   4.7200000e+02   2.1847640e+03   0.0000000e+00
   4.8000000e+02  -1.9771357e+03   0.0000000e+00
   4.8800000e+02  -1.2854548e+02   0.0000000e+00
   4.9600000e+02  -4.9318689e+03   0.0000000e+00
   5.0400000e+02  -2.0429524e+03   0.0000000e+00
   5.1200000e+02  -5.2637930e+02   0.0000000e+00
   5.2000000e+02  -7.7474116e+03   0.0000000e+00
   5.2800000e+02  -5.7714167e+03   0.0000000e+00
   5.3600000e+02  -7.0339334e+02   0.0000000e+00
   5.4400000e+02  -1.5594115e+03   0.0000000e+00
   5.5200000e+02  -5.7335740e+03   0.0000000e+00
   5.6000000e+02  -5.3055173e+03   0.0000000e+00
   5.6800000e+02  -3.8753206e+03   0.0000000e+00
   5.7600000e+02  -6.2036729e+03   0.0000000e+00
   5.8400000e+02  -8.0198298e+03   0.0000000e+00
   5.9200000e+02  -1.8421907e+03   0.0000000e+00
   6.0000000e+02  -2.0621131e+03   0.0000000e+00
   6.0800000e+02  -5.6659558e+03   0.0000000e+00
   6.1600000e+02  -9.5252352e+03   0.0000000e+00
   6.2400000e+02  -2.1882436e+03   0.0000000e+00
   6.3200000e+02   7.2516498e+02   0.0000000e+00
   6.4000000e+02  -3.5065259e+03   0.0000000e+00
   6.4800000e+02  -1.8201012e+03   0.0000000e+00
   6.5600000e+02  -5.7914156e+03   0.0000000e+00
   6.6400000e+02  -3.7080713e+03   0.0000000e+00
   6.7200000e+02  -2.4548414e+03   0.0000000e+00
   6.8000000e+02  -2.3327514e+03   0.0000000e+00
   6.8800000e+02   2.5707029e+03   0.0000000e+00
   6.9600000e+02  -1.4777055e+03   0.0000000e+00
   7.0400000e+02   1.6199539e+03   0.0000000e+00
   7.1200000e+02   8.4489882e+02   0.0000000e+00
   7.2000000e+02   5.5426845e+03   0.0000000e+00
   7.2800000e+02  -9.4297157e+02   0.0000000e+00
   7.3600000e+02  -7.9005103e+02   0.0000000e+00
   7.4400000e+02   5.2311266e+03   0.0000000e+00
   7.5200000e+02   2.2780572e+03   0.0000000e+00
   7.6000000e+02   1.2050484e+03   0.0000000e+00
   7.6800000e+02   6.5958034e+03   0.0000000e+00
   7.7600000e+02   1.9086199e+03   0.0000000e+00
   7.8400000e+02   6.6272061e+03   0.0000000e+00
   7.9200000e+02  -1.9875673e+03   0.0000000e+00
   8.0000000e+02   2.7888446e+03   0.0000000e+00
   8.0800000e+02   5.6499118e+03   0.0000000e+00
   8.1600000e+02   6.9340303e+03   0.0000000e+00
   8.2400000e+02   4.7015036e+03   0.0000000e+00
   8.3200000e+02  -5.1953680e+03   0.0000000e+00
   8.4000000e+02   1.5951114e+03   0.0000000e+00
   8.4800000e+02   4.3910152e+03   0.0000000e+00
   8.5600000e+02   3.0725599e+03   0.0000000e+00
   8.6400000e+02   1.6128399e+03   0.0000000e+00
   8.7200000e+02  -2.3071902e+03   0.0000000e+00
   8.8000000e+02   1.5084655e+03   0.0000000e+00
   8.8800000e+02  -3.8974275e+03   0.0000000e+00
   8.9600000e+02   2.8966398e+03   0.0000000e+00
   9.0400000e+02  -2.5453056e+02   0.0000000e+00
   9.1200000e+02  -1.0694226e+03   0.0000000e+00
