  -1.2000000e+02  -1.0600346e+06  -8.4598203e+02
  -1.1200000e+02  -9.3830048e+05  -2.4913794e+03
  -1.0400000e+02  -9.5175788e+05  -5.2650079e+03
  -9.6000000e+01  -9.5529934e+05  -1.0132524e+03
  -8.8000000e+01  -9.7151993e+05   2.3628926e+03
  -8.0000000e+01  -9.9549637e+05  -4.3678482e+03
  -7.2000000e+01  -1.0161314e+06  -4.0697793e+02
  -6.4000000e+01  -1.0483491e+06  -2.8379343e+03
  -5.6000000e+01  -1.0776350e+06  -2.7187303e+02
  -4.8000000e+01  -1.1223826e+06  -6.5398693e+02
  -4.0000000e+01  -1.1621318e+06  -6.9959857e+02
  -3.2000000e+01  -1.2020877e+06   1.1723397e+03
  -2.4000000e+01  -1.2393032e+06   2.1991362e+03
  -1.6000000e+01  -1.2726756e+06   8.4252930e+03
  -8.0000000e+00  -1.2886211e+06   9.3270480e+03
   0.0000000e+00  -1.2959779e+06   1.3320456e+04
   8.0000000e+00  -1.3041182e+06   1.2058678e+04
   1.6000000e+01  -1.2933894e+06   1.1811046e+04
   2.4000000e+01  -1.2720041e+06   8.2964216e+03
   3.2000000e+01  -1.2442650e+06   1.8470346e+04
   4.0000000e+01  -1.2089438e+06   1.3923487e+04
   4.8000000e+01  -1.1681473e+06   1.1765686e+04
   5.6000000e+01  -1.1332243e+06   8.9126058e+03
   6.4000000e+01  -1.0891983e+06   8.2340941e+03
   7.2000000e+01  -1.0524494e+06   4.1625528e+03
   8.0000000e+01  -1.0235646e+06   1.6711935e+03
   8.8000000e+01  -9.9662785e+05   8.6662927e+03
   9.6000000e+01  -9.7977447e+05  -4.5365481e+02
   1.0400000e+02  -9.5372483e+05  -2.9428193e+03
   1.1200000e+02  -9.5112182e+05  -2.4452617e+03
   1.2000000e+02  -9.4008238e+05   1.2007364e+03
   1.2800000e+02  -9.3340739e+05  -2.5976759e+03
   1.3600000e+02  -9.3066491e+05   2.8085852e+03
   1.4400000e+02  -9.3271894e+05  -4.6978804e+03
   1.5200000e+02  -9.3101487e+05  -5.7269025e+03
   1.6000000e+02  -9.2443443e+05  -2.4827250e+03
   1.6800000e+02  -9.3911654e+05  -3.1748717e+03
   1.7600000e+02  -9.3052509e+05   6.5680071e+02
   1.8400000e+02  -9.4252591e+05  -5.9191423e+03
   1.9200000e+02  -9.3962846e+05  -5.0440061e+03
   2.0000000e+02  -9.3858421e+05  -2.8930850e+03
   2.0800000e+02  -9.4062389e+05   4.2352845e+03
   2.1600000e+02  -9.4192549e+05   2.3123921e+03
   2.2400000e+02  -9.4393677e+05  -7.0096984e+03
   2.3200000e+02  -9.3593337e+05   6.7081350e+01
   2.4000000e+02  -9.4450274e+05  -2.2207437e+03
   2.4800000e+02  -9.3450564e+05  -3.1248535e+03
   2.5600000e+02  -9.3460187e+05  -5.1938686e+03
   2.6400000e+02  -9.3534277e+05  -7.3988872e+02
   2.7200000e+02  -9.3799878e+05  -6.9602180e+03
   2.8000000e+02  -9.2852225e+05   3.7533178e+02
   2.8800000e+02  -9.2841687e+05  -1.5570345e+03
   2.9600000e+02  -9.2749300e+05   1.6713700e+03
   3.0400000e+02  -9.2363848e+05  -2.2350272e+03
   3.1200000e+02  -9.2901259e+05  -1.2740402e+03
   3.2000000e+02  -9.2484504e+05  -5.6778630e+02
   3.2800000e+02  -9.2580582e+05  -5.1558517e+03
   3.3600000e+02  -9.2766539e+05  -4.0830061e+03
   3.4400000e+02  -9.3182408e+05  -3.1782533e+03
   3.5200000e+02  -9.2224064e+05  -1.9153715e+03
   3.6000000e+02  -9.3023903e+05  -4.4638996e+03
   3.6800000e+02  -9.3221083e+05  -2.3856709e+03
   3.7600000e+02  -9.2898389e+05  -4.7156122e+03
   3.8400000e+02  -9.3416926e+05  -8.3041469e+03
   3.9200000e+02  -9.3138198e+05  -1.7203296e+03
   4.0000000e+02  -9.3377763e+05   1.9109680e+03
   4.0800000e+02  -9.3656685e+05   2.8551329e+02
   4.1600000e+02  -9.3791697e+05  -1.5958082e+03
   4.2400000e+02  -9.3442313e+05  -2.8257990e+03
   4.3200000e+02  -9.3631991e+05  -3.1841939e+02
   4.4000000e+02  -9.3637887e+05  -1.2547932e+03
   4.4800000e+02  -9.3632230e+05  -3.5976161e+03
   4.5600000e+02  -9.3879300e+05  -8.2550080e+03
   4.6400000e+02  -9.3887458e+05  -4.2897810e+03
   4.7200000e+02  -9.3804771e+05  -6.0995862e+03
   4.8000000e+02  -9.3507964e+05  -2.6090977e+03
   4.8800000e+02  -9.3774075e+05  -5.8481630e+03
   4.9600000e+02  -9.3652383e+05  -3.0442186e+03
   5.0400000e+02  -9.4071114e+05  -4.3272808e+03
   5.1200000e+02  -9.3516577e+05  -1.9360431e+03
   5.2000000e+02  -9.3928669e+05  -1.1367398e+03
   5.2800000e+02  -9.4244730e+05  -1.2557430e+03
   5.3600000e+02  -9.3791162e+05  -6.6902201e+03
   5.4400000e+02  -9.4269832e+05  -6.6371728e+03
   5.5200000e+02  -9.4126141e+05   2.8276523e+03
   5.6000000e+02  -9.4035074e+05  -1.4763050e+03
   5.6800000e+02  -9.4007661e+05   4.1698725e+03
   5.7600000e+02  -9.4189068e+05  -9.3198128e+03
   5.8400000e+02  -9.4080452e+05  -5.1272424e+03
   5.9200000e+02  -9.4191520e+05  -5.7772828e+03
   6.0000000e+02  -9.4090246e+05  -1.4488436e+03
   6.0800000e+02  -9.4009142e+05  -3.7564975e+03
   6.1600000e+02  -9.3616731e+05  -1.5492904e+03
   6.2400000e+02  -9.3734849e+05  -4.4616606e+03
   6.3200000e+02  -9.4137502e+05  -4.3985128e+03
   6.4000000e+02  -9.3585684e+05   2.3323406e+03
   6.4800000e+02  -9.3302928e+05   3.1409666e+02
   6.5600000e+02  -9.3381846e+05   3.8834167e+02
   6.6400000e+02  -9.3623677e+05  -3.8946379e+03
   6.7200000e+02  -9.3273505e+05  -3.5976163e+03
   6.8000000e+02  -9.3277662e+05  -2.8770802e+03
   6.8800000e+02  -9.3261507e+05  -1.9769100e+03
   6.9600000e+02  -9.2397049e+05   6.7005913e+02
   7.0400000e+02  -9.2665532e+05  -3.0577619e+03
   7.1200000e+02  -9.2637786e+05  -6.2884395e+02
   7.2000000e+02  -9.2713340e+05  -4.7702818e+03
   7.2800000e+02  -9.2546020e+05  -1.4316431e+03
   7.3600000e+02  -9.2508643e+05  -2.9061203e+03
   7.4400000e+02  -9.2074728e+05   1.2663622e+03
   7.5200000e+02  -9.2171253e+05  -2.1655718e+03
   7.6000000e+02  -9.2135748e+05   3.4736578e+03
   7.6800000e+02  -9.2312166e+05  -1.9970620e+03
   7.7600000e+02  -9.1911190e+05  -3.1520880e+03
   7.8400000e+02  -9.1365923e+05  -1.5038159e+03
   7.9200000e+02  -9.2251921e+05  -6.4894234e+03
   8.0000000e+02  -9.1983117e+05   1.6056032e+02
   8.0800000e+02  -9.1959675e+05  -3.9044630e+03
   8.1600000e+02  -9.1839925e+05   1.4479413e+02
   8.2400000e+02  -9.1874123e+05  -4.5485237e+03
   8.3200000e+02  -9.1283591e+05   2.6188270e+03
   8.4000000e+02  -9.2234935e+05  -2.1461145e+03
   8.4800000e+02  -9.1859481e+05  -1.8660541e+03
   8.5600000e+02  -9.1872578e+05   1.8957371e+03
   8.6400000e+02  -9.1847556e+05   7.1672677e+02
   8.7200000e+02  -9.2050423e+05   7.3434725e+01
   8.8000000e+02  -9.2313810e+05  -5.0240769e+03
   8.8800000e+02  -9.2404275e+05   9.8992708e+02
   8.9600000e+02  -9.2582263e+05  -5.9077065e+03
   9.0400000e+02  -9.2361870e+05   1.5039975e+03
   9.1200000e+02  -9.2328304e+05   4.9743055e+03
