  -1.2000000e+02  -5.5485807e+05   0.0000000e+00
  -1.1200000e+02  -5.5469907e+05   0.0000000e+00
  -1.0400000e+02  -5.5454011e+05   0.0000000e+00
  -9.6000000e+01  -5.5438119e+05   0.0000000e+00
  -8.8000000e+01  -5.5422232e+05   0.0000000e+00
  -8.0000000e+01  -5.5406350e+05   0.0000000e+00
  -7.2000000e+01  -5.5390472e+05   0.0000000e+00
  -6.4000000e+01  -5.5374599e+05   0.0000000e+00
  -5.6000000e+01  -5.5358730e+05   0.0000000e+00
  -4.8000000e+01  -5.5342866e+05   0.0000000e+00
  -4.0000000e+01  -5.5327006e+05   0.0000000e+00
  -3.2000000e+01  -5.5311151e+05   0.0000000e+00
  -2.4000000e+01  -5.5295301e+05   0.0000000e+00
  -1.6000000e+01  -5.5279455e+05   0.0000000e+00
  -8.0000000e+00  -5.5263613e+05   0.0000000e+00
   0.0000000e+00  -5.5247776e+05   0.0000000e+00
   8.0000000e+00  -5.5231944e+05   0.0000000e+00
   1.6000000e+01  -5.5216116e+05   0.0000000e+00
   2.4000000e+01  -5.5200293e+05   0.0000000e+00
   3.2000000e+01  -5.5184474e+05   0.0000000e+00
   4.0000000e+01  -5.5168660e+05   0.0000000e+00
   4.8000000e+01  -5.5152850e+05   0.0000000e+00
   5.6000000e+01  -5.5137045e+05   0.0000000e+00
   6.4000000e+01  -5.5121244e+05   0.0000000e+00
   7.2000000e+01  -5.5105448e+05   0.0000000e+00
   8.0000000e+01  -5.5089657e+05   0.0000000e+00
   8.8000000e+01  -5.5073869e+05   0.0000000e+00
   9.6000000e+01  -5.5058087e+05   0.0000000e+00
   1.0400000e+02  -5.5042309e+05   0.0000000e+00
   1.1200000e+02  -5.5026535e+05   0.0000000e+00
   1.2000000e+02  -5.5010766e+05   0.0000000e+00
   1.2800000e+02  -5.4995002e+05   0.0000000e+00
   1.3600000e+02  -5.4979242e+05   0.0000000e+00
   1.4400000e+02  -5.4963487e+05   0.0000000e+00
   1.5200000e+02  -5.4947736e+05   0.0000000e+00
   1.6000000e+02  -5.4931989e+05   0.0000000e+00
   1.6800000e+02  -5.4916247e+05   0.0000000e+00
   1.7600000e+02  -5.4900510e+05   0.0000000e+00
   1.8400000e+02  -5.4884777e+05   0.0000000e+00
   1.9200000e+02  -5.4869049e+05   0.0000000e+00
   2.0000000e+02  -5.4853325e+05   0.0000000e+00
   2.0800000e+02  -5.4837606e+05   0.0000000e+00
   2.1600000e+02  -5.4821891e+05   0.0000000e+00
   2.2400000e+02  -5.4806180e+05   0.0000000e+00
   2.3200000e+02  -5.4790475e+05   0.0000000e+00
   2.4000000e+02  -5.4774773e+05   0.0000000e+00
   2.4800000e+02  -5.4759076e+05   0.0000000e+00
   2.5600000e+02  -5.4743384e+05   0.0000000e+00
   2.6400000e+02  -5.4727696e+05   0.0000000e+00
   2.7200000e+02  -5.4712013e+05   0.0000000e+00
   2.8000000e+02  -5.4696334e+05   0.0000000e+00
   2.8800000e+02  -5.4680660e+05   0.0000000e+00
   2.9600000e+02  -5.4664990e+05   0.0000000e+00
   3.0400000e+02  -5.4649324e+05   0.0000000e+00
   3.1200000e+02  -5.4633664e+05   0.0000000e+00
   3.2000000e+02  -5.4618007e+05   0.0000000e+00
   3.2800000e+02  -5.4602355e+05   0.0000000e+00
   3.3600000e+02  -5.4586708e+05   0.0000000e+00
   3.4400000e+02  -5.4571065e+05   0.0000000e+00
   3.5200000e+02  -5.4555426e+05   0.0000000e+00
   3.6000000e+02  -5.4539793e+05   0.0000000e+00
   3.6800000e+02  -5.4524163e+05   0.0000000e+00
   3.7600000e+02  -5.4508538e+05   0.0000000e+00
   3.8400000e+02  -5.4492917e+05   0.0000000e+00
   3.9200000e+02  -5.4477301e+05   0.0000000e+00
   4.0000000e+02  -5.4461690e+05   0.0000000e+00
   4.0800000e+02  -5.4446083e+05   0.0000000e+00
   4.1600000e+02  -5.4430480e+05   0.0000000e+00
   4.2400000e+02  -5.4414882e+05   0.0000000e+00
   4.3200000e+02  -5.4399288e+05   0.0000000e+00
   4.4000000e+02  -5.4383699e+05   0.0000000e+00
   4.4800000e+02  -5.4368114e+05   0.0000000e+00
   4.5600000e+02  -5.4352534e+05   0.0000000e+00
   4.6400000e+02  -5.4336958e+05   0.0000000e+00
   4.7200000e+02  -5.4321387e+05   0.0000000e+00
   4.8000000e+02  -5.4305820e+05   0.0000000e+00
   4.8800000e+02  -5.4290257e+05   0.0000000e+00
   4.9600000e+02  -5.4274699e+05   0.0000000e+00
   5.0400000e+02  -5.4259146e+05   0.0000000e+00
   5.1200000e+02  -5.4243597e+05   0.0000000e+00
   5.2000000e+02  -5.4228052e+05   0.0000000e+00
   5.2800000e+02  -5.4212512e+05   0.0000000e+00
   5.3600000e+02  -5.4196976e+05   0.0000000e+00
   5.4400000e+02  -5.4181445e+05   0.0000000e+00
   5.5200000e+02  -5.4165918e+05   0.0000000e+00
   5.6000000e+02  -5.4150396e+05   0.0000000e+00
   5.6800000e+02  -5.4134878e+05   0.0000000e+00
   5.7600000e+02  -5.4119365e+05   0.0000000e+00
   5.8400000e+02  -5.4103856e+05   0.0000000e+00
   5.9200000e+02  -5.4088351e+05   0.0000000e+00
   6.0000000e+02  -5.4072851e+05   0.0000000e+00
   6.0800000e+02  -5.4057355e+05   0.0000000e+00
   6.1600000e+02  -5.4041864e+05   0.0000000e+00
   6.2400000e+02  -5.4026377e+05   0.0000000e+00
   6.3200000e+02  -5.4010895e+05   0.0000000e+00
   6.4000000e+02  -5.3995417e+05   0.0000000e+00
   6.4800000e+02  -5.3979943e+05   0.0000000e+00
   6.5600000e+02  -5.3964474e+05   0.0000000e+00
   6.6400000e+02  -5.3949010e+05   0.0000000e+00
   6.7200000e+02  -5.3933549e+05   0.0000000e+00
   6.8000000e+02  -5.3918094e+05   0.0000000e+00
   6.8800000e+02  -5.3902642e+05   0.0000000e+00
   6.9600000e+02  -5.3887195e+05   0.0000000e+00
   7.0400000e+02  -5.3871753e+05   0.0000000e+00
   7.1200000e+02  -5.3856315e+05   0.0000000e+00
   7.2000000e+02  -5.3840881e+05   0.0000000e+00
   7.2800000e+02  -5.3825452e+05   0.0000000e+00
   7.3600000e+02  -5.3810027e+05   0.0000000e+00
   7.4400000e+02  -5.3794607e+05   0.0000000e+00
   7.5200000e+02  -5.3779191e+05   0.0000000e+00
   7.6000000e+02  -5.3763779e+05   0.0000000e+00
   7.6800000e+02  -5.3748372e+05   0.0000000e+00
   7.7600000e+02  -5.3732970e+05   0.0000000e+00
   7.8400000e+02  -5.3717571e+05   0.0000000e+00
   7.9200000e+02  -5.3702177e+05   0.0000000e+00
   8.0000000e+02  -5.3686788e+05   0.0000000e+00
   8.0800000e+02  -5.3671403e+05   0.0000000e+00
   8.1600000e+02  -5.3656022e+05   0.0000000e+00
   8.2400000e+02  -5.3640646e+05   0.0000000e+00
   8.3200000e+02  -5.3625274e+05   0.0000000e+00
   8.4000000e+02  -5.3609907e+05   0.0000000e+00
   8.4800000e+02  -5.3594544e+05   0.0000000e+00
   8.5600000e+02  -5.3579185e+05   0.0000000e+00
   8.6400000e+02  -5.3563831e+05   0.0000000e+00
   8.7200000e+02  -5.3548481e+05   0.0000000e+00
   8.8000000e+02  -5.3533136e+05   0.0000000e+00
   8.8800000e+02  -5.3517795e+05   0.0000000e+00
   8.9600000e+02  -5.3502458e+05   0.0000000e+00
   9.0400000e+02  -5.3487126e+05   0.0000000e+00
   9.1200000e+02  -5.3471798e+05   0.0000000e+00
