   0.0000000e+00  -8.5996371e+05   2.4346262e+02
   8.0000000e+00  -7.6143761e+05   4.2538475e+03
   1.6000000e+01  -7.7248385e+05  -1.3691530e+03
   2.4000000e+01  -7.7585245e+05  -1.3151583e+03
   3.2000000e+01  -7.8592576e+05   3.4867740e+03
   4.0000000e+01  -8.0182404e+05  -1.4521339e+03
   4.8000000e+01  -8.0825316e+05  -2.7379965e+03
   5.6000000e+01  -8.2807958e+05   2.3606383e+03
   6.4000000e+01  -8.5178205e+05  -8.1347159e+03
   7.2000000e+01  -8.6775678e+05  -4.7280757e+03
   8.0000000e+01  -8.8898445e+05   2.5777736e+03
   8.8000000e+01  -9.1383781e+05   1.5202136e+02
   9.6000000e+01  -9.2910221e+05   2.1177026e+02
   1.0400000e+02  -9.4312463e+05   5.1117644e+03
   1.1200000e+02  -9.5672309e+05   8.7725079e+03
   1.2000000e+02  -9.5693633e+05   1.9765917e+04
   1.2800000e+02  -9.5395546e+05   1.5874356e+04
   1.3600000e+02  -9.4616005e+05   1.9558771e+04
   1.4400000e+02  -9.4709399e+05   1.3570692e+04
   1.5200000e+02  -9.3268907e+05   2.0132892e+04
   1.6000000e+02  -9.1617796e+05   1.4535562e+04
   1.6800000e+02  -8.9406880e+05   1.1537306e+04
   1.7600000e+02  -8.7811432e+05   5.9737521e+03
   1.8400000e+02  -8.5037450e+05   9.3244489e+03
   1.9200000e+02  -8.3360344e+05   5.1180593e+03
   2.0000000e+02  -8.1568003e+05   2.6597768e+03
   2.0800000e+02  -7.9566717e+05   4.3343748e+03
   2.1600000e+02  -7.9010667e+05   4.0126883e+03
   2.2400000e+02  -7.7321944e+05  -3.9603939e+03
   2.3200000e+02  -7.6934395e+05  -2.6284541e+03
   2.4000000e+02  -7.5827765e+05  -4.5612572e+03
   2.4800000e+02  -7.5782964e+05  -2.8375811e+03
   2.5600000e+02  -7.5079332e+05  -3.9222827e+03
   2.6400000e+02  -7.4957847e+05   8.4231151e+01
   2.7200000e+02  -7.5061245e+05  -2.8664053e+03
   2.8000000e+02  -7.5037221e+05  -1.6152361e+03
   2.8800000e+02  -7.5116598e+05  -3.0706849e+03
   2.9600000e+02  -7.4685377e+05   1.6871943e+03
   3.0400000e+02  -7.5084369e+05  -4.1941032e+02
   3.1200000e+02  -7.5513941e+05  -3.8213899e+03
   3.2000000e+02  -7.4687432e+05   1.6233155e+02
   3.2800000e+02  -7.5602070e+05  -1.2924787e+03
   3.3600000e+02  -7.5443577e+05  -3.7729486e+03
   3.4400000e+02  -7.5506593e+05  -1.3170986e+03
   3.5200000e+02  -7.5468025e+05  -1.3457939e+03
   3.6000000e+02  -7.5302334e+05  -1.1989451e+03
   3.6800000e+02  -7.5309493e+05  -3.4301054e+02
   3.7600000e+02  -7.5341393e+05  -3.3813538e+03
   3.8400000e+02  -7.4551940e+05  -3.0573942e+03
   3.9200000e+02  -7.4942744e+05  -3.9409047e+03
   4.0000000e+02  -7.4639958e+05  -3.8067391e+03
   4.0800000e+02  -7.4861752e+05  -5.0050551e+02
   4.1600000e+02  -7.4554208e+05  -1.5490324e+02
   4.2400000e+02  -7.4654110e+05  -6.2311967e+03
   4.3200000e+02  -7.4875083e+05  -4.4701772e+03
   4.4000000e+02  -7.5007893e+05  -2.4978702e+03
   4.4800000e+02  -7.4659320e+05  -3.9383929e+03
   4.5600000e+02  -7.4670901e+05  -2.5248790e+03
   4.6400000e+02  -7.4106022e+05  -2.7544962e+02
   4.7200000e+02  -7.4346811e+05  -1.6492509e+03
   4.8000000e+02  -7.4801849e+05  -3.2139956e+03
   4.8800000e+02  -7.4934738e+05  -3.1968238e+03
   4.9600000e+02  -7.4732607e+05  -3.6764556e+03
   5.0400000e+02  -7.4178468e+05  -2.4457947e+03
   5.1200000e+02  -7.4527098e+05  -2.4493720e+03
   5.2000000e+02  -7.4514217e+05  -3.6980319e+03
   5.2800000e+02  -7.4885314e+05  -1.2896968e+03
   5.3600000e+02  -7.5013836e+05  -4.6693079e+03
   5.4400000e+02  -7.4951829e+05  -3.4347617e+03
   5.5200000e+02  -7.5237351e+05   6.7328612e+02
   5.6000000e+02  -7.4644558e+05  -9.2996643e+02
   5.6800000e+02  -7.4828691e+05   4.5154197e+02
   5.7600000e+02  -7.4946295e+05  -1.2702749e+03
   5.8400000e+02  -7.4677145e+05   1.4661763e+03
   5.9200000e+02  -7.4925877e+05  -3.1468984e+03
   6.0000000e+02  -7.4786309e+05  -1.3737504e+03
   6.0800000e+02  -7.4561189e+05   9.3002648e+02
   6.1600000e+02  -7.4735217e+05   2.5613238e+03
   6.2400000e+02  -7.5087435e+05  -5.8144368e+03
   6.3200000e+02  -7.4974969e+05  -3.4659483e+03
   6.4000000e+02  -7.5363747e+05   2.0817708e+03
   6.4800000e+02  -7.5168887e+05  -1.8210826e+02
   6.5600000e+02  -7.4953746e+05   1.3998295e+03
   6.6400000e+02  -7.5604050e+05  -9.5758511e+03
   6.7200000e+02  -7.5650946e+05  -2.6666330e+03
   6.8000000e+02  -7.5412266e+05  -4.9988493e+03
   6.8800000e+02  -7.4997666e+05   1.3861729e+03
   6.9600000e+02  -7.5190880e+05   1.8797206e+03
   7.0400000e+02  -7.4782929e+05  -4.0408994e+02
   7.1200000e+02  -7.5137011e+05  -9.4304347e+02
   7.2000000e+02  -7.4735311e+05   3.3053904e+03
   7.2800000e+02  -7.4805279e+05   2.2678276e+03
   7.3600000e+02  -7.5071169e+05   4.0204420e+02
   7.4400000e+02  -7.4855345e+05  -7.4230295e+02
   7.5200000e+02  -7.4994056e+05  -2.8795822e+03
   7.6000000e+02  -7.4743360e+05   1.6222452e+03
   7.6800000e+02  -7.4471847e+05   1.2871815e+03
   7.7600000e+02  -7.4382165e+05  -3.4170798e+03
   7.8400000e+02  -7.4349547e+05  -6.0984111e+02
   7.9200000e+02  -7.4783914e+05   6.7610997e+02
   8.0000000e+02  -7.4340367e+05  -6.2973793e+03
   8.0800000e+02  -7.4122357e+05  -6.3849142e+03
   8.1600000e+02  -7.4085348e+05  -5.8863807e+03
   8.2400000e+02  -7.3857560e+05  -4.0199609e+03
   8.3200000e+02  -7.3962093e+05  -2.0680963e+03
   8.4000000e+02  -7.4441333e+05   8.0443254e+02
   8.4800000e+02  -7.3738405e+05  -4.8035183e+03
   8.5600000e+02  -7.3393057e+05  -1.0052606e+03
   8.6400000e+02  -7.3920666e+05  -6.1574401e+03
   8.7200000e+02  -7.3898752e+05  -2.7778565e+03
   8.8000000e+02  -7.3998787e+05  -8.2853942e+02
   8.8800000e+02  -7.3694554e+05  -5.7354102e+02
   8.9600000e+02  -7.3866085e+05  -8.3468772e+02
   9.0400000e+02  -7.3653831e+05  -2.6936534e+03
   9.1200000e+02  -7.3597756e+05   3.3639716e+03
   9.2000000e+02  -7.3018598e+05  -2.1299098e+03
   9.2800000e+02  -7.3657064e+05  -3.6243289e+03
   9.3600000e+02  -7.3450057e+05  -5.0828780e+02
   9.4400000e+02  -7.3378313e+05  -2.7781859e+03
   9.5200000e+02  -7.3671406e+05  -2.5075010e+03
   9.6000000e+02  -7.3719799e+05  -2.1705873e+03
   9.6800000e+02  -7.3446547e+05  -7.4673258e+02
   9.7600000e+02  -7.3866213e+05  -4.8029659e+03
   9.8400000e+02  -7.3503974e+05  -3.9709832e+03
   9.9200000e+02  -7.3227731e+05  -7.3043996e+00
   1.0000000e+03  -7.4042849e+05   1.2599769e+03
   1.0080000e+03  -7.3531046e+05  -6.5758819e+03
   1.0160000e+03  -7.4006107e+05  -2.6527837e+03
   1.0240000e+03  -7.3582599e+05  -4.2124885e+01
   1.0320000e+03  -7.3807393e+05  -4.5431042e+03
   1.0400000e+03  -7.3039525e+05  -2.3973831e+03
   1.0480000e+03  -7.3748420e+05   1.2661498e+03
   1.0560000e+03  -7.4158898e+05  -5.1833788e+03
   1.0640000e+03  -7.3918880e+05  -1.6493237e+03
   1.0720000e+03  -7.3552683e+05   1.2023269e+03
   1.0800000e+03  -7.3814409e+05   4.5711977e+02
   1.0880000e+03  -7.4370723e+05  -2.8074271e+03
   1.0960000e+03  -7.3886420e+05   4.5611863e+03
   1.1040000e+03  -7.3591093e+05  -2.0912430e+03
   1.1120000e+03  -7.3962540e+05  -6.7093855e+03
   1.1200000e+03  -7.3375661e+05  -3.8855907e+03
   1.1280000e+03  -7.4073224e+05  -2.8266295e+03
   1.1360000e+03  -7.3722598e+05   3.5011732e+03
   1.1440000e+03  -7.4390717e+05  -3.1300180e+03
   1.1520000e+03  -7.3602425e+05   1.4173956e+03
   1.1600000e+03  -7.4266341e+05  -3.8152033e+03
   1.1680000e+03  -7.3766327e+05   2.7404380e+03
   1.1760000e+03  -7.3733970e+05   2.0454492e+03
   1.1840000e+03  -7.4254289e+05  -4.1836972e+03
   1.1920000e+03  -7.4100078e+05  -6.9786692e+03
   1.2000000e+03  -7.4352831e+05   6.4710827e+03
   1.2080000e+03  -7.4208506e+05   1.6341625e+03
   1.2160000e+03  -7.4234275e+05  -4.7585798e+02
   1.2240000e+03  -7.4312172e+05  -1.2084333e+03
   1.2320000e+03  -7.3755969e+05   1.8831142e+03
   1.2400000e+03  -7.4207481e+05  -2.2082467e+03
   1.2480000e+03  -7.4028480e+05   4.1094394e+03
   1.2560000e+03  -7.3843795e+05   4.2509764e+03
   1.2640000e+03  -7.3962201e+05  -2.5681202e+03
   1.2720000e+03  -7.3894861e+05  -3.3613731e+03
   1.2800000e+03  -7.3730632e+05  -2.1142650e+03
   1.2880000e+03  -7.3867379e+05   1.5654312e+02
   1.2960000e+03  -7.3402593e+05   2.7461775e+03
   1.3040000e+03  -7.4099037e+05  -4.4796108e+03
   1.3120000e+03  -7.3996893e+05  -3.6279771e+03
   1.3200000e+03  -7.3642617e+05   9.3325055e+02
   1.3280000e+03  -7.3543127e+05  -3.6831976e+03
   1.3360000e+03  -7.3579939e+05   1.7156723e+02
   1.3440000e+03  -7.3219755e+05   1.0408026e+03
   1.3520000e+03  -7.3031068e+05   7.7182245e+02
   1.3600000e+03  -7.2591492e+05   3.7655545e+03
   1.3680000e+03  -7.3183915e+05   1.5644803e+03
   1.3760000e+03  -7.3053939e+05  -1.0935325e+03
   1.3840000e+03  -7.2574287e+05   6.8096862e+03
   1.3920000e+03  -7.3020206e+05   7.3949838e+02
   1.4000000e+03  -7.3084638e+05   7.2918238e+03
   1.4080000e+03  -7.2951803e+05   7.7236918e+03
   1.4160000e+03  -7.3307304e+05   7.4979341e+03
   1.4240000e+03  -7.2654973e+05  -1.5901151e+02
   1.4320000e+03  -7.2737981e+05   3.2083387e+03
