   0.0000000e+00  -7.8765186e+05   2.9140511e+03
   8.0000000e+00  -6.8870088e+05  -1.3222183e+03
   1.6000000e+01  -6.9121582e+05  -2.5512245e+03
   2.4000000e+01  -7.0080069e+05  -6.0366485e+03
   3.2000000e+01  -7.0498341e+05  -2.6034348e+03
   4.0000000e+01  -7.1901120e+05  -1.9774045e+03
   4.8000000e+01  -7.3542128e+05  -4.7322974e+02
   5.6000000e+01  -7.4650412e+05  -8.0162562e+03
   6.4000000e+01  -7.5954490e+05  -4.3906011e+03
   7.2000000e+01  -7.7549808e+05  -1.2685142e+03
   8.0000000e+01  -7.9228732e+05  -4.9699497e+03
   8.8000000e+01  -8.1004268e+05  -2.0321151e+03
   9.6000000e+01  -8.1524944e+05  -7.2282347e+02
   1.0400000e+02  -8.1891937e+05   5.2615288e+03
   1.1200000e+02  -8.3215585e+05   1.3291870e+04
   1.2000000e+02  -8.3300913e+05   1.2216355e+04
   1.2800000e+02  -8.2867964e+05   1.6283754e+04
   1.3600000e+02  -8.2924571e+05   1.5031632e+04
   1.4400000e+02  -8.1824873e+05   1.7197343e+04
   1.5200000e+02  -8.1485071e+05   1.4164708e+04
   1.6000000e+02  -8.0606485e+05   1.5651634e+04
   1.6800000e+02  -7.9571790e+05   2.9758314e+03
   1.7600000e+02  -7.8184306e+05   9.5571616e+03
   1.8400000e+02  -7.6394250e+05   3.8746591e+03
   1.9200000e+02  -7.5233445e+05   8.5459345e+03
   2.0000000e+02  -7.3410641e+05   6.1476225e+03
   2.0800000e+02  -7.2025349e+05  -2.1735967e+03
   2.1600000e+02  -7.1129023e+05  -7.2550849e+02
   2.2400000e+02  -7.0139986e+05  -1.5955168e+03
   2.3200000e+02  -6.9049380e+05   3.7710543e+03
   2.4000000e+02  -6.8531786e+05  -1.6612706e+03
   2.4800000e+02  -6.8674752e+05  -1.2525069e+02
   2.5600000e+02  -6.8343261e+05  -2.2244400e+03
   2.6400000e+02  -6.7578806e+05  -4.3425537e+02
   2.7200000e+02  -6.7765704e+05  -1.0444953e+03
   2.8000000e+02  -6.7519221e+05  -4.4876973e+02
   2.8800000e+02  -6.7805201e+05   4.6400252e+02
   2.9600000e+02  -6.8311581e+05   7.0487561e+02
   3.0400000e+02  -6.7875889e+05  -1.9030140e+03
   3.1200000e+02  -6.7879774e+05   6.0616213e+03
   3.2000000e+02  -6.8167849e+05  -2.8919745e+02
   3.2800000e+02  -6.8263853e+05  -2.8521973e+03
   3.3600000e+02  -6.7748580e+05  -2.3463950e+03
   3.4400000e+02  -6.8300047e+05  -4.8496736e+03
   3.5200000e+02  -6.8061327e+05   5.3090094e+02
   3.6000000e+02  -6.7839540e+05   2.5445794e+02
   3.6800000e+02  -6.7778055e+05   7.4070411e+02
   3.7600000e+02  -6.7531873e+05  -3.5473797e+02
   3.8400000e+02  -6.7616281e+05  -2.4825336e+03
   3.9200000e+02  -6.8166236e+05  -4.9790527e+03
   4.0000000e+02  -6.8249685e+05  -1.6833102e+03
   4.0800000e+02  -6.7526607e+05  -3.9470364e+03
   4.1600000e+02  -6.7370195e+05   1.1951100e+02
   4.2400000e+02  -6.7648661e+05  -7.7614679e+02
   4.3200000e+02  -6.7869249e+05  -2.0040868e+03
   4.4000000e+02  -6.7484391e+05  -3.8777673e+03
   4.4800000e+02  -6.7429746e+05  -2.7263445e+03
   4.5600000e+02  -6.6963382e+05  -6.5653464e+02
   4.6400000e+02  -6.7509024e+05  -7.0143001e+02
   4.7200000e+02  -6.7600799e+05  -2.8710548e+03
   4.8000000e+02  -6.7153440e+05  -1.6173148e+03
   4.8800000e+02  -6.7403235e+05  -2.1625699e+02
   4.9600000e+02  -6.7007937e+05   5.1383169e+03
   5.0400000e+02  -6.7516982e+05  -5.3097468e+03
   5.1200000e+02  -6.7502847e+05  -4.0988491e+03
   5.2000000e+02  -6.7659865e+05  -3.5967175e+03
   5.2800000e+02  -6.7434649e+05  -1.7254343e+03
   5.3600000e+02  -6.7148532e+05  -7.9389040e+03
   5.4400000e+02  -6.7496580e+05  -3.4937725e+03
   5.5200000e+02  -6.7459306e+05  -4.5778614e+03
   5.6000000e+02  -6.7719146e+05  -5.9605546e+03
   5.6800000e+02  -6.7869304e+05  -1.7250426e+03
   5.7600000e+02  -6.7619032e+05  -4.6443699e+03
   5.8400000e+02  -6.7156933e+05  -3.5959689e+02
   5.9200000e+02  -6.7201307e+05  -2.0937337e+03
   6.0000000e+02  -6.7598306e+05  -1.8211011e+02
   6.0800000e+02  -6.7394261e+05  -1.2978276e+03
   6.1600000e+02  -6.7855413e+05  -2.5463648e+03
   6.2400000e+02  -6.7547347e+05  -5.5359280e+03
   6.3200000e+02  -6.7376520e+05  -3.7789761e+03
   6.4000000e+02  -6.8079459e+05   6.9981730e+02
   6.4800000e+02  -6.7862701e+05  -2.2251604e+03
   6.5600000e+02  -6.7336746e+05  -1.1049852e+03
   6.6400000e+02  -6.7403200e+05   2.3740675e+03
   6.7200000e+02  -6.7801474e+05   1.9836013e+03
   6.8000000e+02  -6.7739532e+05  -2.3168358e+03
   6.8800000e+02  -6.7577381e+05  -3.1748321e+03
   6.9600000e+02  -6.7791090e+05  -2.8234527e+02
   7.0400000e+02  -6.7953586e+05  -2.6467046e+03
   7.1200000e+02  -6.7316707e+05   2.8013135e+03
   7.2000000e+02  -6.7319590e+05  -4.2031189e+03
   7.2800000e+02  -6.7660870e+05   2.2881929e+03
   7.3600000e+02  -6.8027699e+05  -3.4009687e+03
   7.4400000e+02  -6.7274907e+05   9.8140831e+02
   7.5200000e+02  -6.6964478e+05   4.1077639e+02
   7.6000000e+02  -6.7368565e+05   4.5129307e+02
   7.6800000e+02  -6.7180846e+05  -5.5380397e+02
   7.7600000e+02  -6.7558906e+05  -1.8540061e+02
   7.8400000e+02  -6.7331506e+05  -6.4176272e+02
   7.9200000e+02  -6.7187122e+05  -2.8776811e+02
   8.0000000e+02  -6.7155858e+05  -5.3864091e+03
   8.0800000e+02  -6.6646463e+05   4.1534829e+03
   8.1600000e+02  -6.7032259e+05  -3.2349613e+02
   8.2400000e+02  -6.6703455e+05  -6.7358063e+03
   8.3200000e+02  -6.6761927e+05  -1.3267820e+03
   8.4000000e+02  -6.6273120e+05  -1.6748632e+03
   8.4800000e+02  -6.6902663e+05  -8.3725136e+02
   8.5600000e+02  -6.6868354e+05  -2.7759758e+03
   8.6400000e+02  -6.6247224e+05  -5.5004850e+03
   8.7200000e+02  -6.6523525e+05  -3.3491000e+03
   8.8000000e+02  -6.6611825e+05  -3.3420022e+03
   8.8800000e+02  -6.6053754e+05   2.4206374e+03
   8.9600000e+02  -6.6503482e+05  -1.3820491e+03
   9.0400000e+02  -6.6012639e+05  -1.0476570e+04
   9.1200000e+02  -6.6855137e+05  -7.6182924e+02
   9.2000000e+02  -6.6358521e+05  -6.0409259e+02
   9.2800000e+02  -6.6053446e+05  -3.3076231e+02
   9.3600000e+02  -6.5906071e+05  -4.7428527e+03
   9.4400000e+02  -6.6110366e+05   1.8536032e+03
   9.5200000e+02  -6.7081101e+05  -3.7281326e+03
   9.6000000e+02  -6.6383106e+05  -2.3463897e+03
   9.6800000e+02  -6.6084574e+05  -4.9183775e+03
   9.7600000e+02  -6.6197484e+05   1.5364709e+03
   9.8400000e+02  -6.6324525e+05   2.7109024e+03
   9.9200000e+02  -6.6697602e+05  -4.8244970e+03
   1.0000000e+03  -6.6297117e+05  -3.8633111e+03
   1.0080000e+03  -6.6818792e+05  -4.7540596e+01
   1.0160000e+03  -6.6120476e+05   1.7232006e+03
   1.0240000e+03  -6.6416689e+05  -9.5485100e+02
   1.0320000e+03  -6.6479280e+05  -4.7023361e+03
   1.0400000e+03  -6.6592088e+05  -2.3180227e+03
   1.0480000e+03  -6.6137423e+05  -6.8540079e+02
   1.0560000e+03  -6.6493230e+05  -6.6159394e+02
   1.0640000e+03  -6.6855600e+05   4.9609741e+03
   1.0720000e+03  -6.6427651e+05  -8.0508181e+02
   1.0800000e+03  -6.6310004e+05  -9.5773545e+01
   1.0880000e+03  -6.6471447e+05   1.3931903e+03
   1.0960000e+03  -6.6470361e+05  -2.1234312e+03
   1.1040000e+03  -6.6328132e+05  -2.9990543e+02
   1.1120000e+03  -6.6783777e+05  -1.6073293e+03
   1.1200000e+03  -6.6598496e+05  -2.9490801e+03
   1.1280000e+03  -6.7025163e+05  -7.3415235e+03
   1.1360000e+03  -6.6736579e+05   2.8977097e+03
   1.1440000e+03  -6.6464661e+05   3.8197797e+02
   1.1520000e+03  -6.6249879e+05  -3.9841085e+02
   1.1600000e+03  -6.6963799e+05   2.5899457e+03
   1.1680000e+03  -6.7091602e+05  -4.8555998e+03
   1.1760000e+03  -6.6428242e+05  -9.8701072e+02
   1.1840000e+03  -6.6575387e+05  -1.5675933e+03
   1.1920000e+03  -6.6691470e+05   3.2755563e+03
   1.2000000e+03  -6.6820131e+05   3.3101012e+03
   1.2080000e+03  -6.7098042e+05   1.4462315e+03
   1.2160000e+03  -6.7330752e+05  -9.1269644e+03
   1.2240000e+03  -6.6832311e+05  -1.8126072e+03
   1.2320000e+03  -6.6247026e+05   4.4924160e+02
   1.2400000e+03  -6.6427644e+05   6.0897957e+03
   1.2480000e+03  -6.6676749e+05   4.4153513e+03
   1.2560000e+03  -6.6826928e+05   2.7491148e+03
   1.2640000e+03  -6.6907654e+05   4.2170585e+02
   1.2720000e+03  -6.6970617e+05   8.2580923e+02
   1.2800000e+03  -6.6462965e+05   2.6970022e+03
   1.2880000e+03  -6.6817516e+05  -9.3985796e+02
   1.2960000e+03  -6.6639811e+05   2.4942095e+03
   1.3040000e+03  -6.6737161e+05  -6.2983694e+03
   1.3120000e+03  -6.6483508e+05  -6.7239188e+03
   1.3200000e+03  -6.6322138e+05   3.2221693e+02
   1.3280000e+03  -6.5933742e+05   3.7336452e+03
   1.3360000e+03  -6.5815238e+05   2.1927836e+02
   1.3440000e+03  -6.6538244e+05  -3.5477755e+03
   1.3520000e+03  -6.5708975e+05   2.6306210e+03
   1.3600000e+03  -6.6343172e+05   1.9937880e+03
   1.3680000e+03  -6.5163642e+05   1.6054292e+03
   1.3760000e+03  -6.5750328e+05   1.0970276e+03
   1.3840000e+03  -6.6228994e+05   2.9309335e+01
   1.3920000e+03  -6.5590747e+05   7.5950772e+02
   1.4000000e+03  -6.5511679e+05   8.0618153e+03
   1.4080000e+03  -6.5097883e+05   8.2137732e+03
   1.4160000e+03  -6.5596808e+05   6.8602529e+03
   1.4240000e+03  -6.5544112e+05   3.3900902e+02
   1.4320000e+03  -6.5694149e+05  -2.3653826e+03
