   0.0000000e+00  -1.9938768e+05   0.0000000e+00
   8.0000000e+00  -1.9658798e+05   0.0000000e+00
   1.6000000e+01  -1.8897369e+05   0.0000000e+00
   2.4000000e+01  -1.9008870e+05   0.0000000e+00
   3.2000000e+01  -1.7586481e+05   0.0000000e+00
   4.0000000e+01  -1.5953469e+05   0.0000000e+00
   4.8000000e+01  -1.3760648e+05   0.0000000e+00
   5.6000000e+01  -1.2183291e+05   0.0000000e+00
   6.4000000e+01  -9.4273940e+04   0.0000000e+00
   7.2000000e+01  -7.7683701e+04   0.0000000e+00
   8.0000000e+01  -5.9941061e+04   0.0000000e+00
   8.8000000e+01  -4.0108932e+04   0.0000000e+00
   9.6000000e+01  -3.4729122e+04   0.0000000e+00
   1.0400000e+02  -1.8022536e+04   0.0000000e+00
   1.1200000e+02  -1.4327642e+04   0.0000000e+00
   1.2000000e+02  -3.4419000e+03   0.0000000e+00
   1.2800000e+02  -3.1744069e+03   0.0000000e+00
   1.3600000e+02   3.6814436e+03   0.0000000e+00
   1.4400000e+02   4.7158586e+03   0.0000000e+00
   1.5200000e+02   3.5014923e+03   0.0000000e+00
   1.6000000e+02   3.5613930e+03   0.0000000e+00
   1.6800000e+02   2.5873249e+03   0.0000000e+00
   1.7600000e+02   6.7192847e+03   0.0000000e+00
   1.8400000e+02   2.5491426e+03   0.0000000e+00
   1.9200000e+02  -1.9267418e+03   0.0000000e+00
   2.0000000e+02   6.1582196e+03   0.0000000e+00
   2.0800000e+02  -3.1682437e+03   0.0000000e+00
   2.1600000e+02  -1.7633500e+03   0.0000000e+00
   2.2400000e+02  -2.5735099e+03   0.0000000e+00
   2.3200000e+02  -2.3677846e+03   0.0000000e+00
   2.4000000e+02  -8.9078606e+02   0.0000000e+00
   2.4800000e+02  -1.1422440e+03   0.0000000e+00
   2.5600000e+02  -1.6410646e+03   0.0000000e+00
   2.6400000e+02   6.0736800e+03   0.0000000e+00
   2.7200000e+02   1.9859006e+03   0.0000000e+00
   2.8000000e+02   4.8340614e+03   0.0000000e+00
   2.8800000e+02   2.4364759e+03   0.0000000e+00
   2.9600000e+02   5.3322989e+03   0.0000000e+00
   3.0400000e+02   4.1537186e+03   0.0000000e+00
   3.1200000e+02   1.7644597e+03   0.0000000e+00
   3.2000000e+02   2.5688008e+02   0.0000000e+00
   3.2800000e+02   3.5631708e+03   0.0000000e+00
   3.3600000e+02   3.2679671e+03   0.0000000e+00
   3.4400000e+02   8.7374049e+03   0.0000000e+00
   3.5200000e+02   6.1501999e+03   0.0000000e+00
   3.6000000e+02   1.4205557e+03   0.0000000e+00
   3.6800000e+02  -8.7557607e+01   0.0000000e+00
   3.7600000e+02   1.7545746e+03   0.0000000e+00
   3.8400000e+02   7.1168220e+03   0.0000000e+00
   3.9200000e+02   3.4514250e+03   0.0000000e+00
   4.0000000e+02   3.4011877e+03   0.0000000e+00
   4.0800000e+02  -4.8879098e+02   0.0000000e+00
   4.1600000e+02  -1.9529777e+03   0.0000000e+00
   4.2400000e+02  -1.5118334e+03   0.0000000e+00
   4.3200000e+02  -4.5459374e+03   0.0000000e+00
   4.4000000e+02   1.2031538e+03   0.0000000e+00
   4.4800000e+02  -8.1696740e+02   0.0000000e+00
   4.5600000e+02  -2.1717593e+03   0.0000000e+00
   4.6400000e+02   3.4102811e+02   0.0000000e+00
   4.7200000e+02  -2.3249576e+03   0.0000000e+00
   4.8000000e+02  -1.1079026e+03   0.0000000e+00
   4.8800000e+02   9.6471547e+02   0.0000000e+00
   4.9600000e+02  -9.5410234e+02   0.0000000e+00
   5.0400000e+02  -4.6547800e+03   0.0000000e+00
   5.1200000e+02  -3.7085732e+03   0.0000000e+00
   5.2000000e+02  -7.7747651e+03   0.0000000e+00
   5.2800000e+02  -6.0045374e+03   0.0000000e+00
   5.3600000e+02  -4.0314543e+03   0.0000000e+00
   5.4400000e+02  -1.0712776e+04   0.0000000e+00
   5.5200000e+02  -1.1359977e+04   0.0000000e+00
   5.6000000e+02  -9.1513780e+03   0.0000000e+00
   5.6800000e+02  -5.1835306e+03   0.0000000e+00
   5.7600000e+02  -7.2937808e+03   0.0000000e+00
   5.8400000e+02  -3.3923395e+03   0.0000000e+00
   5.9200000e+02  -7.1111875e+03   0.0000000e+00
   6.0000000e+02  -3.2721783e+03   0.0000000e+00
   6.0800000e+02  -4.1497982e+03   0.0000000e+00
   6.1600000e+02  -6.9865987e+03   0.0000000e+00
   6.2400000e+02  -5.0062213e+03   0.0000000e+00
   6.3200000e+02  -6.5711464e+03   0.0000000e+00
   6.4000000e+02  -4.2419528e+03   0.0000000e+00
   6.4800000e+02  -1.7045588e+03   0.0000000e+00
   6.5600000e+02  -9.8542347e+02   0.0000000e+00
   6.6400000e+02  -8.3688439e+02   0.0000000e+00
   6.7200000e+02  -5.3581603e+03   0.0000000e+00
   6.8000000e+02  -1.1002485e+03   0.0000000e+00
   6.8800000e+02   9.0233024e+02   0.0000000e+00
   6.9600000e+02   1.0949490e+03   0.0000000e+00
   7.0400000e+02   3.1953966e+03   0.0000000e+00
   7.1200000e+02   1.9726803e+03   0.0000000e+00
   7.2000000e+02  -2.9970680e+03   0.0000000e+00
   7.2800000e+02   3.8549070e+03   0.0000000e+00
   7.3600000e+02   7.1311188e+03   0.0000000e+00
   7.4400000e+02   1.6778135e+03   0.0000000e+00
   7.5200000e+02   1.7197760e+03   0.0000000e+00
   7.6000000e+02   5.4228636e+02   0.0000000e+00
   7.6800000e+02   3.4075212e+03   0.0000000e+00
   7.7600000e+02   1.5151654e+03   0.0000000e+00
   7.8400000e+02   3.4606931e+03   0.0000000e+00
   7.9200000e+02   3.8444802e+03   0.0000000e+00
   8.0000000e+02   9.4591329e+03   0.0000000e+00
   8.0800000e+02   2.8975936e+03   0.0000000e+00
   8.1600000e+02   4.7908249e+03   0.0000000e+00
   8.2400000e+02   5.3314597e+03   0.0000000e+00
   8.3200000e+02   2.2237816e+03   0.0000000e+00
   8.4000000e+02   1.5631329e+03   0.0000000e+00
   8.4800000e+02   4.1189910e+03   0.0000000e+00
   8.5600000e+02  -2.5430592e+02   0.0000000e+00
   8.6400000e+02   3.1915004e+03   0.0000000e+00
   8.7200000e+02   5.7773932e+03   0.0000000e+00
   8.8000000e+02  -2.5502908e+03   0.0000000e+00
   8.8800000e+02   2.3912785e+03   0.0000000e+00
   8.9600000e+02  -2.5357521e+03   0.0000000e+00
   9.0400000e+02   1.5229544e+03   0.0000000e+00
   9.1200000e+02  -9.0131471e+02   0.0000000e+00
