   0.0000000e+00  -3.5280412e+05   0.0000000e+00
   8.0000000e+00  -3.6111851e+05   0.0000000e+00
   1.6000000e+01  -3.5056370e+05   0.0000000e+00
   2.4000000e+01  -3.2935238e+05   0.0000000e+00
   3.2000000e+01  -3.0178732e+05   0.0000000e+00
   4.0000000e+01  -2.6664007e+05   0.0000000e+00
   4.8000000e+01  -2.2601744e+05   0.0000000e+00
   5.6000000e+01  -1.9126831e+05   0.0000000e+00
   6.4000000e+01  -1.4741608e+05   0.0000000e+00
   7.2000000e+01  -1.1084103e+05   0.0000000e+00
   8.0000000e+01  -8.2129990e+04   0.0000000e+00
   8.8000000e+01  -5.5366983e+04   0.0000000e+00
   9.6000000e+01  -3.8687312e+04   0.0000000e+00
   1.0400000e+02  -1.2811345e+04   0.0000000e+00
   1.1200000e+02  -1.0381984e+04   0.0000000e+00
   1.2000000e+02   4.8384966e+02   0.0000000e+00
   1.2800000e+02   6.9852560e+03   0.0000000e+00
   1.3600000e+02   9.5541948e+03   0.0000000e+00
   1.4400000e+02   7.3266523e+03   0.0000000e+00
   1.5200000e+02   8.8572385e+03   0.0000000e+00
   1.6000000e+02   1.5264222e+04   0.0000000e+00
   1.6800000e+02   4.0869360e+02   0.0000000e+00
   1.7600000e+02   8.8267578e+03   0.0000000e+00
   1.8400000e+02  -3.3474117e+03   0.0000000e+00
   1.9200000e+02  -6.2328945e+02   0.0000000e+00
   2.0000000e+02   2.4767488e+02   0.0000000e+00
   2.0800000e+02  -1.9652633e+03   0.0000000e+00
   2.1600000e+02  -3.4400928e+03   0.0000000e+00
   2.2400000e+02  -5.6245700e+03   0.0000000e+00
   2.3200000e+02   2.2056720e+03   0.0000000e+00
   2.4000000e+02  -6.5368324e+03   0.0000000e+00
   2.4800000e+02   3.2871685e+03   0.0000000e+00
   2.5600000e+02   3.0178706e+03   0.0000000e+00
   2.6400000e+02   2.1039329e+03   0.0000000e+00
   2.7200000e+02  -7.2508087e+02   0.0000000e+00
   2.8000000e+02   8.5784835e+03   0.0000000e+00
   2.8800000e+02   8.5109271e+03   0.0000000e+00
   2.9600000e+02   9.2618819e+03   0.0000000e+00
   3.0400000e+02   1.2943534e+04   0.0000000e+00
   3.1200000e+02   7.3965736e+03   0.0000000e+00
   3.2000000e+02   1.1391317e+04   0.0000000e+00
   3.2800000e+02   1.0257753e+04   0.0000000e+00
   3.3600000e+02   8.2254391e+03   0.0000000e+00
   3.4400000e+02   3.8940312e+03   0.0000000e+00
   3.5200000e+02   1.3304790e+04   0.0000000e+00
   3.6000000e+02   5.1337512e+03   0.0000000e+00
   3.6800000e+02   2.9893280e+03   0.0000000e+00
   3.7600000e+02   6.0436814e+03   0.0000000e+00
   3.8400000e+02   6.8575422e+02   0.0000000e+00
   3.9200000e+02   3.3005051e+03   0.0000000e+00
   4.0000000e+02   7.3236387e+02   0.0000000e+00
   4.0800000e+02  -2.2293195e+03   0.0000000e+00
   4.1600000e+02  -3.7518681e+03   0.0000000e+00
   4.2400000e+02  -4.3042696e+02   0.0000000e+00
   4.3200000e+02  -2.4995657e+03   0.0000000e+00
   4.4000000e+02  -2.7308667e+03   0.0000000e+00
   4.4800000e+02  -2.8465950e+03   0.0000000e+00
   4.5600000e+02  -5.4895641e+03   0.0000000e+00
   4.6400000e+02  -5.7433825e+03   0.0000000e+00
   4.7200000e+02  -5.0887220e+03   0.0000000e+00
   4.8000000e+02  -2.2928261e+03   0.0000000e+00
   4.8800000e+02  -5.1260751e+03   0.0000000e+00
   4.9600000e+02  -4.0812738e+03   0.0000000e+00
   5.0400000e+02  -8.4406627e+03   0.0000000e+00
   5.1200000e+02  -3.0673333e+03   0.0000000e+00
   5.2000000e+02  -7.3602734e+03   0.0000000e+00
   5.2800000e+02  -1.0692868e+04   0.0000000e+00
   5.3600000e+02  -6.3291370e+03   0.0000000e+00
   5.4400000e+02  -1.1287765e+04   0.0000000e+00
   5.5200000e+02  -1.0022739e+04   0.0000000e+00
   5.6000000e+02  -9.2839259e+03   0.0000000e+00
   5.6800000e+02  -9.1816263e+03   0.0000000e+00
   5.7600000e+02  -1.1167484e+04   0.0000000e+00
   5.8400000e+02  -1.0253085e+04   0.0000000e+00
   5.9200000e+02  -1.1535502e+04   0.0000000e+00
   6.0000000e+02  -1.0694453e+04   0.0000000e+00
   6.0800000e+02  -1.0055083e+04   0.0000000e+00
   6.1600000e+02  -6.3026073e+03   0.0000000e+00
   6.2400000e+02  -7.6553906e+03   0.0000000e+00
   6.3200000e+02  -1.1853499e+04   0.0000000e+00
   6.4000000e+02  -6.5068555e+03   0.0000000e+00
   6.4800000e+02  -3.8508005e+03   0.0000000e+00
   6.5600000e+02  -4.8114624e+03   0.0000000e+00
   6.6400000e+02  -7.4012195e+03   0.0000000e+00
   6.7200000e+02  -4.0709158e+03   0.0000000e+00
   6.8000000e+02  -4.2838647e+03   0.0000000e+00
   6.8800000e+02  -4.2936648e+03   0.0000000e+00
   6.9600000e+02   4.1795999e+03   0.0000000e+00
   7.0400000e+02   1.3234826e+03   0.0000000e+00
   7.1200000e+02   1.4296840e+03   0.0000000e+00
   7.2000000e+02   5.0291943e+02   0.0000000e+00
   7.2800000e+02   2.0049310e+03   0.0000000e+00
   7.3600000e+02   2.2075322e+03   0.0000000e+00
   7.4400000e+02   6.3755525e+03   0.0000000e+00
   7.5200000e+02   5.2392068e+03   0.0000000e+00
   7.6000000e+02   5.4231901e+03   0.0000000e+00
   7.6800000e+02   3.4879824e+03   0.0000000e+00
   7.7600000e+02   7.3267309e+03   0.0000000e+00
   7.8400000e+02   1.2608431e+04   0.0000000e+00
   7.9200000e+02   3.5775118e+03   0.0000000e+00
   8.0000000e+02   6.0946468e+03   0.0000000e+00
   8.0800000e+02   6.1581920e+03   0.0000000e+00
   8.1600000e+02   7.1848382e+03   0.0000000e+00
   8.2400000e+02   6.6720507e+03   0.0000000e+00
   8.3200000e+02   1.2406590e+04   0.0000000e+00
   8.4000000e+02   2.7223982e+03   0.0000000e+00
   8.4800000e+02   6.3062153e+03   0.0000000e+00
   8.5600000e+02   6.0045624e+03   0.0000000e+00
   8.6400000e+02   6.0841192e+03   0.0000000e+00
   8.7200000e+02   3.8848236e+03   0.0000000e+00
   8.8000000e+02   1.0803672e+03   0.0000000e+00
   8.8800000e+02   5.1565086e+00   0.0000000e+00
   8.9600000e+02  -1.9452545e+03   0.0000000e+00
   9.0400000e+02   8.8175277e+01   0.0000000e+00
   9.1200000e+02   2.5336191e+02   0.0000000e+00
