  -1.2000000e+02  -6.1890717e+05   0.0000000e+00
  -1.1200000e+02  -6.1873527e+05   0.0000000e+00
  -1.0400000e+02  -6.1856343e+05   0.0000000e+00
  -9.6000000e+01  -6.1839163e+05   0.0000000e+00
  -8.8000000e+01  -6.1821988e+05   0.0000000e+00
  -8.0000000e+01  -6.1804818e+05   0.0000000e+00
  -7.2000000e+01  -6.1787652e+05   0.0000000e+00
  -6.4000000e+01  -6.1770491e+05   0.0000000e+00
  -5.6000000e+01  -6.1753335e+05   0.0000000e+00
  -4.8000000e+01  -6.1736184e+05   0.0000000e+00
  -4.0000000e+01  -6.1719038e+05   0.0000000e+00
  -3.2000000e+01  -6.1701896e+05   0.0000000e+00
  -2.4000000e+01  -6.1684759e+05   0.0000000e+00
  -1.6000000e+01  -6.1667627e+05   0.0000000e+00
  -8.0000000e+00  -6.1650499e+05   0.0000000e+00
   0.0000000e+00  -6.1633377e+05   0.0000000e+00
   8.0000000e+00  -6.1616259e+05   0.0000000e+00
   1.6000000e+01  -6.1599146e+05   0.0000000e+00
   2.4000000e+01  -6.1582037e+05   0.0000000e+00
   3.2000000e+01  -6.1564934e+05   0.0000000e+00
   4.0000000e+01  -6.1547835e+05   0.0000000e+00
   4.8000000e+01  -6.1530741e+05   0.0000000e+00
   5.6000000e+01  -6.1513651e+05   0.0000000e+00
   6.4000000e+01  -6.1496567e+05   0.0000000e+00
   7.2000000e+01  -6.1479487e+05   0.0000000e+00
   8.0000000e+01  -6.1462412e+05   0.0000000e+00
   8.8000000e+01  -6.1445341e+05   0.0000000e+00
   9.6000000e+01  -6.1428275e+05   0.0000000e+00
   1.0400000e+02  -6.1411215e+05   0.0000000e+00
   1.1200000e+02  -6.1394158e+05   0.0000000e+00
   1.2000000e+02  -6.1377107e+05   0.0000000e+00
   1.2800000e+02  -6.1360060e+05   0.0000000e+00
   1.3600000e+02  -6.1343018e+05   0.0000000e+00
   1.4400000e+02  -6.1325981e+05   0.0000000e+00
   1.5200000e+02  -6.1308948e+05   0.0000000e+00
   1.6000000e+02  -6.1291921e+05   0.0000000e+00
   1.6800000e+02  -6.1274897e+05   0.0000000e+00
   1.7600000e+02  -6.1257879e+05   0.0000000e+00
   1.8400000e+02  -6.1240866e+05   0.0000000e+00
   1.9200000e+02  -6.1223857e+05   0.0000000e+00
   2.0000000e+02  -6.1206852e+05   0.0000000e+00
   2.0800000e+02  -6.1189853e+05   0.0000000e+00
   2.1600000e+02  -6.1172858e+05   0.0000000e+00
   2.2400000e+02  -6.1155868e+05   0.0000000e+00
   2.3200000e+02  -6.1138883e+05   0.0000000e+00
   2.4000000e+02  -6.1121902e+05   0.0000000e+00
   2.4800000e+02  -6.1104927e+05   0.0000000e+00
   2.5600000e+02  -6.1087956e+05   0.0000000e+00
   2.6400000e+02  -6.1070989e+05   0.0000000e+00
   2.7200000e+02  -6.1054027e+05   0.0000000e+00
   2.8000000e+02  -6.1037070e+05   0.0000000e+00
   2.8800000e+02  -6.1020118e+05   0.0000000e+00
   2.9600000e+02  -6.1003171e+05   0.0000000e+00
   3.0400000e+02  -6.0986228e+05   0.0000000e+00
   3.1200000e+02  -6.0969290e+05   0.0000000e+00
   3.2000000e+02  -6.0952356e+05   0.0000000e+00
   3.2800000e+02  -6.0935427e+05   0.0000000e+00
   3.3600000e+02  -6.0918503e+05   0.0000000e+00
   3.4400000e+02  -6.0901584e+05   0.0000000e+00
   3.5200000e+02  -6.0884669e+05   0.0000000e+00
   3.6000000e+02  -6.0867759e+05   0.0000000e+00
   3.6800000e+02  -6.0850854e+05   0.0000000e+00
   3.7600000e+02  -6.0833953e+05   0.0000000e+00
   3.8400000e+02  -6.0817058e+05   0.0000000e+00
   3.9200000e+02  -6.0800166e+05   0.0000000e+00
   4.0000000e+02  -6.0783280e+05   0.0000000e+00
   4.0800000e+02  -6.0766398e+05   0.0000000e+00
   4.1600000e+02  -6.0749521e+05   0.0000000e+00
   4.2400000e+02  -6.0732649e+05   0.0000000e+00
   4.3200000e+02  -6.0715781e+05   0.0000000e+00
   4.4000000e+02  -6.0698918e+05   0.0000000e+00
   4.4800000e+02  -6.0682059e+05   0.0000000e+00
   4.5600000e+02  -6.0665206e+05   0.0000000e+00
   4.6400000e+02  -6.0648357e+05   0.0000000e+00
   4.7200000e+02  -6.0631512e+05   0.0000000e+00
   4.8000000e+02  -6.0614673e+05   0.0000000e+00
   4.8800000e+02  -6.0597838e+05   0.0000000e+00
   4.9600000e+02  -6.0581008e+05   0.0000000e+00
   5.0400000e+02  -6.0564182e+05   0.0000000e+00
   5.1200000e+02  -6.0547361e+05   0.0000000e+00
   5.2000000e+02  -6.0530545e+05   0.0000000e+00
   5.2800000e+02  -6.0513733e+05   0.0000000e+00
   5.3600000e+02  -6.0496926e+05   0.0000000e+00
   5.4400000e+02  -6.0480124e+05   0.0000000e+00
   5.5200000e+02  -6.0463326e+05   0.0000000e+00
   5.6000000e+02  -6.0446533e+05   0.0000000e+00
   5.6800000e+02  -6.0429745e+05   0.0000000e+00
   5.7600000e+02  -6.0412961e+05   0.0000000e+00
   5.8400000e+02  -6.0396183e+05   0.0000000e+00
   5.9200000e+02  -6.0379408e+05   0.0000000e+00
   6.0000000e+02  -6.0362639e+05   0.0000000e+00
   6.0800000e+02  -6.0345874e+05   0.0000000e+00
   6.1600000e+02  -6.0329113e+05   0.0000000e+00
   6.2400000e+02  -6.0312358e+05   0.0000000e+00
   6.3200000e+02  -6.0295607e+05   0.0000000e+00
   6.4000000e+02  -6.0278860e+05   0.0000000e+00
   6.4800000e+02  -6.0262119e+05   0.0000000e+00
   6.5600000e+02  -6.0245382e+05   0.0000000e+00
   6.6400000e+02  -6.0228649e+05   0.0000000e+00
   6.7200000e+02  -6.0211921e+05   0.0000000e+00
   6.8000000e+02  -6.0195198e+05   0.0000000e+00
   6.8800000e+02  -6.0178480e+05   0.0000000e+00
   6.9600000e+02  -6.0161766e+05   0.0000000e+00
   7.0400000e+02  -6.0145057e+05   0.0000000e+00
   7.1200000e+02  -6.0128352e+05   0.0000000e+00
   7.2000000e+02  -6.0111652e+05   0.0000000e+00
   7.2800000e+02  -6.0094957e+05   0.0000000e+00
   7.3600000e+02  -6.0078266e+05   0.0000000e+00
   7.4400000e+02  -6.0061580e+05   0.0000000e+00
   7.5200000e+02  -6.0044899e+05   0.0000000e+00
   7.6000000e+02  -6.0028222e+05   0.0000000e+00
   7.6800000e+02  -6.0011550e+05   0.0000000e+00
   7.7600000e+02  -5.9994883e+05   0.0000000e+00
   7.8400000e+02  -5.9978220e+05   0.0000000e+00
   7.9200000e+02  -5.9961562e+05   0.0000000e+00
   8.0000000e+02  -5.9944908e+05   0.0000000e+00
   8.0800000e+02  -5.9928259e+05   0.0000000e+00
   8.1600000e+02  -5.9911615e+05   0.0000000e+00
   8.2400000e+02  -5.9894975e+05   0.0000000e+00
   8.3200000e+02  -5.9878340e+05   0.0000000e+00
   8.4000000e+02  -5.9861710e+05   0.0000000e+00
   8.4800000e+02  -5.9845084e+05   0.0000000e+00
   8.5600000e+02  -5.9828463e+05   0.0000000e+00
   8.6400000e+02  -5.9811846e+05   0.0000000e+00
   8.7200000e+02  -5.9795234e+05   0.0000000e+00
   8.8000000e+02  -5.9778627e+05   0.0000000e+00
   8.8800000e+02  -5.9762024e+05   0.0000000e+00
   8.9600000e+02  -5.9745426e+05   0.0000000e+00
   9.0400000e+02  -5.9728832e+05   0.0000000e+00
   9.1200000e+02  -5.9712243e+05   0.0000000e+00
