  -1.2000000e+02  -2.9362189e+07  -2.4692154e+05
  -1.1200000e+02  -2.4391371e+07   1.2124208e+05
  -1.0400000e+02  -2.4477128e+07   1.5913656e+05
  -9.6000000e+01  -2.4785899e+07   1.3071693e+05
  -8.8000000e+01  -2.5072915e+07   1.9808803e+05
  -8.0000000e+01  -2.5420077e+07   2.9154705e+05
  -7.2000000e+01  -2.5760886e+07   3.1862910e+05
  -6.4000000e+01  -2.6234028e+07   2.8381811e+05
  -5.6000000e+01  -2.6583284e+07   2.6831607e+05
  -4.8000000e+01  -2.6940944e+07   2.8604699e+05
  -4.0000000e+01  -2.7112781e+07   3.1683324e+05
  -3.2000000e+01  -2.7181736e+07   3.6346467e+05
  -2.4000000e+01  -2.7144217e+07   4.0771262e+05
  -1.6000000e+01  -2.7085243e+07   3.7800139e+05
  -8.0000000e+00  -2.6971874e+07   4.2655984e+05
   0.0000000e+00  -2.6822469e+07   4.0847386e+05
   8.0000000e+00  -2.6833736e+07   3.9492378e+05
   1.6000000e+01  -2.6827033e+07   2.0623907e+05
   2.4000000e+01  -2.6900008e+07   6.1298818e+04
   3.2000000e+01  -2.6909202e+07  -4.8225726e+04
   4.0000000e+01  -2.6863830e+07  -1.1645016e+05
   4.8000000e+01  -2.6799583e+07  -2.5443339e+05
   5.6000000e+01  -2.6550789e+07  -2.3970673e+05
   6.4000000e+01  -2.6298885e+07  -2.9972463e+05
   7.2000000e+01  -2.5980905e+07  -3.3936774e+05
   8.0000000e+01  -2.5615666e+07  -2.2548648e+05
   8.8000000e+01  -2.5300419e+07  -2.4338591e+05
   9.6000000e+01  -2.4967262e+07  -2.0841133e+05
   1.0400000e+02  -2.4688656e+07  -2.1805416e+05
   1.1200000e+02  -2.4504416e+07  -1.6675912e+05
   1.2000000e+02  -2.4303099e+07  -1.1780596e+05
   1.2800000e+02  -2.4153284e+07  -5.6636122e+04
   1.3600000e+02  -2.4014232e+07  -3.0235094e+04
   1.4400000e+02  -2.3965372e+07  -7.2060366e+04
   1.5200000e+02  -2.3934683e+07   5.9062257e+02
   1.6000000e+02  -2.3926554e+07   7.9856728e+04
   1.6800000e+02  -2.3868932e+07   1.7972993e+04
   1.7600000e+02  -2.3866196e+07   3.2097353e+04
   1.8400000e+02  -2.3859120e+07  -2.8398378e+03
   1.9200000e+02  -2.3820882e+07   1.8433144e+04
   2.0000000e+02  -2.3851878e+07   8.0175080e+04
   2.0800000e+02  -2.3877755e+07   1.2685470e+04
   2.1600000e+02  -2.3898351e+07   5.6711059e+03
   2.2400000e+02  -2.3830561e+07  -2.5177057e+04
   2.3200000e+02  -2.3826172e+07   1.7408335e+04
   2.4000000e+02  -2.3820597e+07  -1.4925676e+04
   2.4800000e+02  -2.3863798e+07  -3.3656921e+04
   2.5600000e+02  -2.3777506e+07  -5.5112999e+04
   2.6400000e+02  -2.3791441e+07  -6.4999160e+04
   2.7200000e+02  -2.3774193e+07  -3.7041047e+04
   2.8000000e+02  -2.3796999e+07  -3.6538367e+04
   2.8800000e+02  -2.3766400e+07  -3.1926808e+04
   2.9600000e+02  -2.3746282e+07  -1.0004970e+05
   3.0400000e+02  -2.3706215e+07  -4.7628974e+04
   3.1200000e+02  -2.3719753e+07  -1.0411272e+05
   3.2000000e+02  -2.3704162e+07  -1.2294694e+04
   3.2800000e+02  -2.3685323e+07   2.1673047e+03
   3.3600000e+02  -2.3681982e+07  -7.1982059e+03
   3.4400000e+02  -2.3650671e+07   9.6366861e+03
   3.5200000e+02  -2.3658421e+07  -2.8178956e+04
   3.6000000e+02  -2.3655314e+07   3.9225432e+04
   3.6800000e+02  -2.3684485e+07  -2.4997149e+04
   3.7600000e+02  -2.3726399e+07  -2.8591634e+04
   3.8400000e+02  -2.3641816e+07  -1.9901848e+04
   3.9200000e+02  -2.3640835e+07   2.9827093e+03
   4.0000000e+02  -2.3635925e+07  -2.3447804e+04
   4.0800000e+02  -2.3644822e+07  -1.4855923e+04
   4.1600000e+02  -2.3633628e+07  -1.9011337e+04
   4.2400000e+02  -2.3666109e+07  -6.9858021e+04
   4.3200000e+02  -2.3619155e+07   6.4358725e+04
   4.4000000e+02  -2.3577440e+07  -2.9910531e+04
   4.4800000e+02  -2.3614072e+07  -7.2766036e+03
   4.5600000e+02  -2.3580593e+07  -4.3592509e+04
   4.6400000e+02  -2.3583938e+07  -9.8317807e+04
   4.7200000e+02  -2.3600977e+07  -5.1068878e+04
   4.8000000e+02  -2.3635896e+07  -1.2347366e+04
   4.8800000e+02  -2.3566257e+07   1.7612779e+04
   4.9600000e+02  -2.3611158e+07  -1.6000982e+04
   5.0400000e+02  -2.3556168e+07  -1.2101748e+04
   5.1200000e+02  -2.3571555e+07   8.5233977e+03
   5.2000000e+02  -2.3568138e+07   1.2775255e+03
   5.2800000e+02  -2.3588765e+07   2.7164537e+04
   5.3600000e+02  -2.3577768e+07  -6.9494391e+04
   5.4400000e+02  -2.3616423e+07  -9.4118093e+04
   5.5200000e+02  -2.3554140e+07  -5.0908273e+04
   5.6000000e+02  -2.3540157e+07   1.0739311e+04
   5.6800000e+02  -2.3580629e+07  -1.0274567e+04
   5.7600000e+02  -2.3559932e+07  -3.5843789e+04
   5.8400000e+02  -2.3592408e+07  -4.9161174e+04
   5.9200000e+02  -2.3523128e+07  -2.3600157e+04
   6.0000000e+02  -2.3586607e+07   8.9593462e+03
   6.0800000e+02  -2.3533211e+07  -1.7666632e+04
   6.1600000e+02  -2.3578723e+07  -4.8096784e+04
   6.2400000e+02  -2.3537244e+07  -9.0173081e+04
   6.3200000e+02  -2.3478775e+07  -5.4732575e+04
   6.4000000e+02  -2.3552326e+07  -2.0978756e+04
   6.4800000e+02  -2.3460347e+07  -5.0190120e+04
   6.5600000e+02  -2.3467746e+07  -1.5076342e+04
   6.6400000e+02  -2.3415905e+07  -7.9012848e+04
   6.7200000e+02  -2.3410322e+07  -5.2931363e+04
   6.8000000e+02  -2.3396745e+07   2.9186651e+04
   6.8800000e+02  -2.3395021e+07  -2.3996303e+04
   6.9600000e+02  -2.3376319e+07  -6.3127598e+04
   7.0400000e+02  -2.3295744e+07  -8.2379646e+04
   7.1200000e+02  -2.3345863e+07  -3.1622611e+04
   7.2000000e+02  -2.3351558e+07  -3.3358491e+04
   7.2800000e+02  -2.3279252e+07  -7.8593754e+04
   7.3600000e+02  -2.3329904e+07  -2.5928727e+04
   7.4400000e+02  -2.3304875e+07  -9.5280099e+04
   7.5200000e+02  -2.3252582e+07  -3.9433577e+04
   7.6000000e+02  -2.3225901e+07  -2.3596573e+03
   7.6800000e+02  -2.3192271e+07  -2.3540157e+04
   7.7600000e+02  -2.3233622e+07  -3.3377845e+04
   7.8400000e+02  -2.3229822e+07  -5.9978480e+04
   7.9200000e+02  -2.3183971e+07  -4.8266585e+04
   8.0000000e+02  -2.3198413e+07  -3.1832529e+04
   8.0800000e+02  -2.3195052e+07  -5.6959263e+04
   8.1600000e+02  -2.3197362e+07  -8.7063152e+02
   8.2400000e+02  -2.3178937e+07  -2.9590424e+04
   8.3200000e+02  -2.3229178e+07  -6.6634608e+04
   8.4000000e+02  -2.3196752e+07   2.3462970e+04
   8.4800000e+02  -2.3185585e+07   7.1833619e+03
   8.5600000e+02  -2.3190369e+07  -3.7480012e+04
   8.6400000e+02  -2.3219723e+07  -6.5869922e+04
   8.7200000e+02  -2.3200754e+07  -1.7827340e+04
   8.8000000e+02  -2.3196281e+07  -7.3838100e+03
   8.8800000e+02  -2.3236315e+07  -4.0719928e+04
   8.9600000e+02  -2.3212925e+07  -7.8066716e+04
   9.0400000e+02  -2.3199073e+07  -1.0022638e+05
   9.1200000e+02  -2.3228101e+07  -2.7028979e+04
