  -1.2000000e+02  -2.4182759e+07   0.0000000e+00
  -1.1200000e+02  -2.4174686e+07   0.0000000e+00
  -1.0400000e+02  -2.4166616e+07   0.0000000e+00
  -9.6000000e+01  -2.4158548e+07   0.0000000e+00
  -8.8000000e+01  -2.4150483e+07   0.0000000e+00
  -8.0000000e+01  -2.4142421e+07   0.0000000e+00
  -7.2000000e+01  -2.4134362e+07   0.0000000e+00
  -6.4000000e+01  -2.4126305e+07   0.0000000e+00
  -5.6000000e+01  -2.4118252e+07   0.0000000e+00
  -4.8000000e+01  -2.4110200e+07   0.0000000e+00
  -4.0000000e+01  -2.4102152e+07   0.0000000e+00
  -3.2000000e+01  -2.4094106e+07   0.0000000e+00
  -2.4000000e+01  -2.4086063e+07   0.0000000e+00
  -1.6000000e+01  -2.4078022e+07   0.0000000e+00
  -8.0000000e+00  -2.4069984e+07   0.0000000e+00
   0.0000000e+00  -2.4061949e+07   0.0000000e+00
   8.0000000e+00  -2.4053917e+07   0.0000000e+00
   1.6000000e+01  -2.4045887e+07   0.0000000e+00
   2.4000000e+01  -2.4037860e+07   0.0000000e+00
   3.2000000e+01  -2.4029835e+07   0.0000000e+00
   4.0000000e+01  -2.4021813e+07   0.0000000e+00
   4.8000000e+01  -2.4013794e+07   0.0000000e+00
   5.6000000e+01  -2.4005778e+07   0.0000000e+00
   6.4000000e+01  -2.3997764e+07   0.0000000e+00
   7.2000000e+01  -2.3989753e+07   0.0000000e+00
   8.0000000e+01  -2.3981745e+07   0.0000000e+00
   8.8000000e+01  -2.3973739e+07   0.0000000e+00
   9.6000000e+01  -2.3965736e+07   0.0000000e+00
   1.0400000e+02  -2.3957736e+07   0.0000000e+00
   1.1200000e+02  -2.3949738e+07   0.0000000e+00
   1.2000000e+02  -2.3941743e+07   0.0000000e+00
   1.2800000e+02  -2.3933751e+07   0.0000000e+00
   1.3600000e+02  -2.3925761e+07   0.0000000e+00
   1.4400000e+02  -2.3917774e+07   0.0000000e+00
   1.5200000e+02  -2.3909790e+07   0.0000000e+00
   1.6000000e+02  -2.3901808e+07   0.0000000e+00
   1.6800000e+02  -2.3893829e+07   0.0000000e+00
   1.7600000e+02  -2.3885852e+07   0.0000000e+00
   1.8400000e+02  -2.3877879e+07   0.0000000e+00
   1.9200000e+02  -2.3869908e+07   0.0000000e+00
   2.0000000e+02  -2.3861939e+07   0.0000000e+00
   2.0800000e+02  -2.3853974e+07   0.0000000e+00
   2.1600000e+02  -2.3846011e+07   0.0000000e+00
   2.2400000e+02  -2.3838050e+07   0.0000000e+00
   2.3200000e+02  -2.3830092e+07   0.0000000e+00
   2.4000000e+02  -2.3822137e+07   0.0000000e+00
   2.4800000e+02  -2.3814185e+07   0.0000000e+00
   2.5600000e+02  -2.3806235e+07   0.0000000e+00
   2.6400000e+02  -2.3798288e+07   0.0000000e+00
   2.7200000e+02  -2.3790344e+07   0.0000000e+00
   2.8000000e+02  -2.3782402e+07   0.0000000e+00
   2.8800000e+02  -2.3774463e+07   0.0000000e+00
   2.9600000e+02  -2.3766526e+07   0.0000000e+00
   3.0400000e+02  -2.3758592e+07   0.0000000e+00
   3.1200000e+02  -2.3750661e+07   0.0000000e+00
   3.2000000e+02  -2.3742733e+07   0.0000000e+00
   3.2800000e+02  -2.3734807e+07   0.0000000e+00
   3.3600000e+02  -2.3726883e+07   0.0000000e+00
   3.4400000e+02  -2.3718963e+07   0.0000000e+00
   3.5200000e+02  -2.3711045e+07   0.0000000e+00
   3.6000000e+02  -2.3703129e+07   0.0000000e+00
   3.6800000e+02  -2.3695217e+07   0.0000000e+00
   3.7600000e+02  -2.3687307e+07   0.0000000e+00
   3.8400000e+02  -2.3679399e+07   0.0000000e+00
   3.9200000e+02  -2.3671494e+07   0.0000000e+00
   4.0000000e+02  -2.3663592e+07   0.0000000e+00
   4.0800000e+02  -2.3655693e+07   0.0000000e+00
   4.1600000e+02  -2.3647796e+07   0.0000000e+00
   4.2400000e+02  -2.3639902e+07   0.0000000e+00
   4.3200000e+02  -2.3632010e+07   0.0000000e+00
   4.4000000e+02  -2.3624121e+07   0.0000000e+00
   4.4800000e+02  -2.3616235e+07   0.0000000e+00
   4.5600000e+02  -2.3608351e+07   0.0000000e+00
   4.6400000e+02  -2.3600470e+07   0.0000000e+00
   4.7200000e+02  -2.3592592e+07   0.0000000e+00
   4.8000000e+02  -2.3584716e+07   0.0000000e+00
   4.8800000e+02  -2.3576843e+07   0.0000000e+00
   4.9600000e+02  -2.3568972e+07   0.0000000e+00
   5.0400000e+02  -2.3561104e+07   0.0000000e+00
   5.1200000e+02  -2.3553239e+07   0.0000000e+00
   5.2000000e+02  -2.3545376e+07   0.0000000e+00
   5.2800000e+02  -2.3537516e+07   0.0000000e+00
   5.3600000e+02  -2.3529659e+07   0.0000000e+00
   5.4400000e+02  -2.3521804e+07   0.0000000e+00
   5.5200000e+02  -2.3513952e+07   0.0000000e+00
   5.6000000e+02  -2.3506102e+07   0.0000000e+00
   5.6800000e+02  -2.3498255e+07   0.0000000e+00
   5.7600000e+02  -2.3490411e+07   0.0000000e+00
   5.8400000e+02  -2.3482569e+07   0.0000000e+00
   5.9200000e+02  -2.3474730e+07   0.0000000e+00
   6.0000000e+02  -2.3466894e+07   0.0000000e+00
   6.0800000e+02  -2.3459060e+07   0.0000000e+00
   6.1600000e+02  -2.3451229e+07   0.0000000e+00
   6.2400000e+02  -2.3443400e+07   0.0000000e+00
   6.3200000e+02  -2.3435574e+07   0.0000000e+00
   6.4000000e+02  -2.3427751e+07   0.0000000e+00
   6.4800000e+02  -2.3419930e+07   0.0000000e+00
   6.5600000e+02  -2.3412112e+07   0.0000000e+00
   6.6400000e+02  -2.3404296e+07   0.0000000e+00
   6.7200000e+02  -2.3396484e+07   0.0000000e+00
   6.8000000e+02  -2.3388673e+07   0.0000000e+00
   6.8800000e+02  -2.3380865e+07   0.0000000e+00
   6.9600000e+02  -2.3373060e+07   0.0000000e+00
   7.0400000e+02  -2.3365258e+07   0.0000000e+00
   7.1200000e+02  -2.3357458e+07   0.0000000e+00
   7.2000000e+02  -2.3349661e+07   0.0000000e+00
   7.2800000e+02  -2.3341866e+07   0.0000000e+00
   7.3600000e+02  -2.3334074e+07   0.0000000e+00
   7.4400000e+02  -2.3326284e+07   0.0000000e+00
   7.5200000e+02  -2.3318497e+07   0.0000000e+00
   7.6000000e+02  -2.3310713e+07   0.0000000e+00
   7.6800000e+02  -2.3302931e+07   0.0000000e+00
   7.7600000e+02  -2.3295152e+07   0.0000000e+00
   7.8400000e+02  -2.3287376e+07   0.0000000e+00
   7.9200000e+02  -2.3279602e+07   0.0000000e+00
   8.0000000e+02  -2.3271831e+07   0.0000000e+00
   8.0800000e+02  -2.3264062e+07   0.0000000e+00
   8.1600000e+02  -2.3256296e+07   0.0000000e+00
   8.2400000e+02  -2.3248532e+07   0.0000000e+00
   8.3200000e+02  -2.3240771e+07   0.0000000e+00
   8.4000000e+02  -2.3233013e+07   0.0000000e+00
   8.4800000e+02  -2.3225257e+07   0.0000000e+00
   8.5600000e+02  -2.3217504e+07   0.0000000e+00
   8.6400000e+02  -2.3209753e+07   0.0000000e+00
   8.7200000e+02  -2.3202005e+07   0.0000000e+00
   8.8000000e+02  -2.3194260e+07   0.0000000e+00
   8.8800000e+02  -2.3186517e+07   0.0000000e+00
   8.9600000e+02  -2.3178777e+07   0.0000000e+00
   9.0400000e+02  -2.3171039e+07   0.0000000e+00
   9.1200000e+02  -2.3163304e+07   0.0000000e+00
