   0.0000000e+00  -2.7605205e+06   0.0000000e+00
   8.0000000e+00  -2.7798198e+06   0.0000000e+00
   1.6000000e+01  -2.7811464e+06   0.0000000e+00
   2.4000000e+01  -2.8621484e+06   0.0000000e+00
   3.2000000e+01  -2.8793668e+06   0.0000000e+00
   4.0000000e+01  -2.8420170e+06   0.0000000e+00
   4.8000000e+01  -2.7857888e+06   0.0000000e+00
   5.6000000e+01  -2.5450112e+06   0.0000000e+00
   6.4000000e+01  -2.3011211e+06   0.0000000e+00
   7.2000000e+01  -1.9911520e+06   0.0000000e+00
   8.0000000e+01  -1.6339213e+06   0.0000000e+00
   8.8000000e+01  -1.3266803e+06   0.0000000e+00
   9.6000000e+01  -1.0015261e+06   0.0000000e+00
   1.0400000e+02  -7.3092016e+05   0.0000000e+00
   1.1200000e+02  -5.5467764e+05   0.0000000e+00
   1.2000000e+02  -3.6135564e+05   0.0000000e+00
   1.2800000e+02  -2.1953382e+05   0.0000000e+00
   1.3600000e+02  -8.8470862e+04   0.0000000e+00
   1.4400000e+02  -4.7598429e+04   0.0000000e+00
   1.5200000e+02  -2.4893686e+04   0.0000000e+00
   1.6000000e+02  -2.4746190e+04   0.0000000e+00
   1.6800000e+02   2.4897097e+04   0.0000000e+00
   1.7600000e+02   1.9656590e+04   0.0000000e+00
   1.8400000e+02   1.8758914e+04   0.0000000e+00
   1.9200000e+02   4.9025542e+04   0.0000000e+00
   2.0000000e+02   1.0061182e+04   0.0000000e+00
   2.0800000e+02  -2.3781736e+04   0.0000000e+00
   2.1600000e+02  -5.2339992e+04   0.0000000e+00
   2.2400000e+02   7.4892470e+03   0.0000000e+00
   2.3200000e+02   3.9209750e+03   0.0000000e+00
   2.4000000e+02   1.5401957e+03   0.0000000e+00
   2.4800000e+02  -4.9613312e+04   0.0000000e+00
   2.5600000e+02   2.8729701e+04   0.0000000e+00
   2.6400000e+02   6.8471169e+03   0.0000000e+00
   2.7200000e+02   1.6151058e+04   0.0000000e+00
   2.8000000e+02  -1.4596977e+04   0.0000000e+00
   2.8800000e+02   8.0624109e+03   0.0000000e+00
   2.9600000e+02   2.0244143e+04   0.0000000e+00
   3.0400000e+02   5.2376869e+04   0.0000000e+00
   3.1200000e+02   3.0908589e+04   0.0000000e+00
   3.2000000e+02   3.8570863e+04   0.0000000e+00
   3.2800000e+02   4.9483216e+04   0.0000000e+00
   3.3600000e+02   4.4900915e+04   0.0000000e+00
   3.4400000e+02   6.8291965e+04   0.0000000e+00
   3.5200000e+02   5.2624071e+04   0.0000000e+00
   3.6000000e+02   4.7815672e+04   0.0000000e+00
   3.6800000e+02   1.0732183e+04   0.0000000e+00
   3.7600000e+02  -3.9092614e+04   0.0000000e+00
   3.8400000e+02   3.7583242e+04   0.0000000e+00
   3.9200000e+02   3.0659256e+04   0.0000000e+00
   4.0000000e+02   2.7667791e+04   0.0000000e+00
   4.0800000e+02   1.0871188e+04   0.0000000e+00
   4.1600000e+02   1.4167881e+04   0.0000000e+00
   4.2400000e+02  -2.6206872e+04   0.0000000e+00
   4.3200000e+02   1.2855546e+04   0.0000000e+00
   4.4000000e+02   4.6681276e+04   0.0000000e+00
   4.4800000e+02   2.1628916e+03   0.0000000e+00
   4.5600000e+02   2.7758634e+04   0.0000000e+00
   4.6400000e+02   1.6532168e+04   0.0000000e+00
   4.7200000e+02  -8.3854571e+03   0.0000000e+00
   4.8000000e+02  -5.1180225e+04   0.0000000e+00
   4.8800000e+02   1.0585508e+04   0.0000000e+00
   4.9600000e+02  -4.2185747e+04   0.0000000e+00
   5.0400000e+02   4.9358663e+03   0.0000000e+00
   5.1200000e+02  -1.8316226e+04   0.0000000e+00
   5.2000000e+02  -2.2761170e+04   0.0000000e+00
   5.2800000e+02  -5.1249009e+04   0.0000000e+00
   5.3600000e+02  -4.8109143e+04   0.0000000e+00
   5.4400000e+02  -9.4618817e+04   0.0000000e+00
   5.5200000e+02  -4.0187658e+04   0.0000000e+00
   5.6000000e+02  -3.4054541e+04   0.0000000e+00
   5.6800000e+02  -8.2373109e+04   0.0000000e+00
   5.7600000e+02  -6.9520880e+04   0.0000000e+00
   5.8400000e+02  -1.0983815e+05   0.0000000e+00
   5.9200000e+02  -4.8397430e+04   0.0000000e+00
   6.0000000e+02  -1.1971295e+05   0.0000000e+00
   6.0800000e+02  -7.4150747e+04   0.0000000e+00
   6.1600000e+02  -1.2749418e+05   0.0000000e+00
   6.2400000e+02  -9.3843773e+04   0.0000000e+00
   6.3200000e+02  -4.3200259e+04   0.0000000e+00
   6.4000000e+02  -1.2457540e+05   0.0000000e+00
   6.4800000e+02  -4.0416341e+04   0.0000000e+00
   6.5600000e+02  -5.5633900e+04   0.0000000e+00
   6.6400000e+02  -1.1608608e+04   0.0000000e+00
   6.7200000e+02  -1.3838337e+04   0.0000000e+00
   6.8000000e+02  -8.0714256e+03   0.0000000e+00
   6.8800000e+02  -1.4155258e+04   0.0000000e+00
   6.9600000e+02  -3.2586344e+03   0.0000000e+00
   7.0400000e+02   6.9513422e+04   0.0000000e+00
   7.1200000e+02   1.1594458e+04   0.0000000e+00
   7.2000000e+02  -1.8974953e+03   0.0000000e+00
   7.2800000e+02   6.2614156e+04   0.0000000e+00
   7.3600000e+02   4.1695276e+03   0.0000000e+00
   7.4400000e+02   2.1409427e+04   0.0000000e+00
   7.5200000e+02   6.5915786e+04   0.0000000e+00
   7.6000000e+02   8.4811990e+04   0.0000000e+00
   7.6800000e+02   1.1066003e+05   0.0000000e+00
   7.7600000e+02   6.1530368e+04   0.0000000e+00
   7.8400000e+02   5.7553848e+04   0.0000000e+00
   7.9200000e+02   9.5630478e+04   0.0000000e+00
   8.0000000e+02   7.3417977e+04   0.0000000e+00
   8.0800000e+02   6.9009445e+04   0.0000000e+00
   8.1600000e+02   5.8933954e+04   0.0000000e+00
   8.2400000e+02   6.9595052e+04   0.0000000e+00
   8.3200000e+02   1.1592852e+04   0.0000000e+00
   8.4000000e+02   3.6260769e+04   0.0000000e+00
   8.4800000e+02   3.9672664e+04   0.0000000e+00
   8.5600000e+02   2.7135148e+04   0.0000000e+00
   8.6400000e+02  -9.9690555e+03   0.0000000e+00
   8.7200000e+02   1.2514587e+03   0.0000000e+00
   8.8000000e+02  -2.0211568e+03   0.0000000e+00
   8.8800000e+02  -4.9797568e+04   0.0000000e+00
   8.9600000e+02  -3.4148262e+04   0.0000000e+00
   9.0400000e+02  -2.8033292e+04   0.0000000e+00
   9.1200000e+02  -6.4797008e+04   0.0000000e+00
