% signal t-range:	0.0000000	912.00000
% breakpoint	1	2.0745614
% svcs	1	0	0	0
% svcs	2	9	34	34
1.0000000	-9.3396783	-9.3396783	-9.3396783
1.0438596	-10.586674	-10.586674	-10.586674
1.0877193	-11.920067	-11.920067	-11.920067
1.1315789	-13.383255	-13.383255	-13.383255
1.1754386	-14.957534	-14.957534	-14.957534
1.2192982	-16.646321	-16.646321	-16.646321
1.2631579	-18.497966	-18.497966	-18.497966
1.3070175	-20.450938	-20.450938	-20.450938
1.3508772	-22.531004	-22.531004	-22.531004
1.3947368	-24.697252	-24.697252	-24.697252
1.4385965	-27.114572	-27.114572	-27.114572
1.4824561	-29.561649	-29.561649	-29.561649
1.5263158	-32.192432	-32.192432	-32.192432
1.5701754	-34.995903	-34.995903	-34.995903
1.6140351	-37.954292	-37.954292	-37.954292
1.6578947	-41.119647	-41.119647	-41.119647
1.7017544	-44.509044	-44.509044	-44.509044
1.7456140	-47.908875	-47.908875	-47.908875
1.7894737	-51.505541	-51.505541	-51.505541
1.8333333	-55.481432	-55.481432	-55.481432
1.8771930	-59.308799	-59.308799	-59.308799
1.9210526	-63.722299	-63.722299	-63.722299
1.9649123	-67.967530	-67.967530	-67.967530
2.0087719	-72.605536	-72.605536	-72.605536
2.0526316	-77.607368	-77.607368	-77.607368
2.0964912	-10277.893	-10843.286	728.05777
2.1403509	-12314.777	-12322.064	-2488.5041
2.1842105	-7255.4322	-9893.2781	-5707.0266
2.2280702	-4671.7393	-10027.527	-4671.7393
2.2719298	-7766.5342	-12481.106	-6109.2865
2.3157895	-12459.705	-13836.716	-10766.388
2.3596491	-13306.411	-14974.317	-10921.877
2.4035088	-12107.007	-14573.325	-11210.092
2.4473684	-11218.593	-11499.417	-10029.722
2.4912281	-9630.9389	-10485.232	-8474.4625
2.5350877	-7869.4867	-9179.2430	-6585.7518
2.5789474	-7214.5939	-7754.2184	-6073.4949
2.6228070	-7015.0612	-7223.1972	-6242.1216
2.6666667	-6182.4432	-6906.7124	-5316.7983
2.7105263	-4974.3074	-6327.3449	-4953.6184
2.7543860	-4330.4734	-5210.3237	-4324.2333
2.7982456	-4623.2066	-5351.7984	-4494.5320
2.8421053	-5474.7395	-5723.1069	-4649.7235
2.8859649	-6304.2363	-6313.1816	-5404.7396
2.9298246	-6761.6185	-6766.9730	-5890.5525
2.9736842	-6782.9728	-6784.8586	-5931.9345
3.0175439	-6452.4992	-6483.6182	-5833.5744
3.0614035	-5879.5079	-5970.0147	-5621.5974
3.1052632	-5154.5441	-5375.6631	-5150.3898
3.1491228	-4353.7686	-4877.7354	-4348.5640
3.1929825	-3549.4456	-4345.8195	-3543.0924
3.2368421	-2808.9695	-3731.7286	-2801.8163
3.2807018	-2185.5047	-3078.2425	-2178.3751
3.3245614	-1709.2210	-2515.0709	-1703.1576
3.3684211	-1384.7338	-1983.8184	-1380.6659
3.4122807	-1195.1624	-1502.6170	-1193.5013
3.4561404	-1110.1099	-1161.0287	-1010.9429
3.5000000	-1094.2978	-1097.8788	-760.05207
3.5438596	-1114.5398	-1119.9437	-577.66886
3.5877193	-1144.0706	-1150.5937	-456.53498
3.6315789	-1164.2959	-1171.2392	-408.75041
3.6754386	-1164.5985	-1171.3637	-413.46763
3.7192982	-1140.9867	-1147.1271	-449.73889
3.7631579	-1094.2707	-1099.5047	-499.32831
3.8070175	-1028.2502	-1032.4464	-548.23991
3.8508772	-948.18485	-951.33243	-587.14702
3.8947368	-859.65689	-861.82991	-611.04382
3.9385965	-767.82397	-769.14721	-618.45027
3.9824561	-677.00360	-677.62374	-610.44451
4.0263158	-590.50734	-605.22696	-577.03813
4.0701754	-510.64453	-563.95402	-510.28528
4.1140351	-438.82703	-524.20645	-438.15532
4.1578947	-375.72357	-486.47338	-374.82515
4.2017544	-321.42762	-449.41023	-320.36383
4.2456140	-275.61675	-415.21808	-274.42745
4.2894737	-237.69145	-385.41685	-236.39913
4.3333333	-206.88832	-360.89114	-205.50262
4.3771930	-182.36762	-341.97695	-180.88964
4.4210526	-163.27717	-328.56776	-161.70335
4.4649123	-148.79647	-320.22427	-147.12171
4.5087719	-138.16466	-316.27752	-136.38473
4.5526316	-130.69622	-315.91947	-128.80947
4.5964912	-125.78768	-318.27826	-123.79609
4.6403509	-122.91795	-322.47745	-120.82770
4.6842105	-121.64456	-327.68024	-119.46611
4.7280702	-121.59740	-333.12026	-119.34529
4.7719298	-122.47109	-338.12100	-120.16355
4.8157895	-124.01695	-342.10616	-121.67532
4.8596491	-126.03511	-344.60273	-123.68320
4.9035088	-128.36700	-345.23887	-126.03045
4.9473684	-130.88860	-343.73810	-128.59421
4.9912281	-133.50437	-339.91093	-131.27954
5.0350877	-136.14205	-333.64525	-134.01418
5.0789474	-138.74816	-324.89600	-136.74422
5.1228070	-141.28418	-313.67490	-139.43029
5.1666667	-143.72346	-300.04052	-142.04457
5.2105263	-146.04855	-284.08905	-144.56816
5.2543860	-148.24913	-265.94591	-146.98912
5.2982456	-150.32024	-245.75829	-149.30071
5.3421053	-152.26095	-223.68863	-151.50016
5.3859649	-154.07325	-199.90905	-153.58755
5.4298246	-155.76118	-174.59662	-155.56501
5.4736842	-157.33018	-157.43611	-141.72091
5.5175439	-158.78657	-159.20534	-120.08371
5.5614035	-160.13716	-160.87775	-91.230767
5.6052632	-161.38897	-162.45869	-61.535629
5.6491228	-162.54900	-163.95356	-31.155302
5.6929825	-163.62410	-165.36774	-0.23781672
5.7368421	-164.62082	-166.70642	31.078443
5.7807018	-165.54543	-167.97458	62.665123
5.8245614	-166.40377	-169.17691	94.404036
5.8684211	-167.20131	-170.31784	126.18713
5.9122807	-167.94313	-171.40148	157.91626
5.9561404	-168.63389	-172.43163	189.50293
6.0000000	-169.27787	-173.41184	220.86784
