% signal t-range:	0.0000000	912.00000
% breakpoint	1	2.2938596
% svcs	1	0	0	0
% svcs	2	9	35	35
1.0000000	-4.1840260	-4.1840260	-4.1840260
1.0438596	-4.7426602	-4.7426602	-4.7426602
1.0877193	-5.3399987	-5.3399987	-5.3399987
1.1315789	-5.9954834	-5.9954834	-5.9954834
1.1754386	-6.7007353	-6.7007353	-6.7007353
1.2192982	-7.4572849	-7.4572849	-7.4572849
1.2631579	-8.2867920	-8.2867920	-8.2867920
1.3070175	-9.1616921	-9.1616921	-9.1616921
1.3508772	-10.093528	-10.093528	-10.093528
1.3947368	-11.063972	-11.063972	-11.063972
1.4385965	-12.146893	-12.146893	-12.146893
1.4824561	-13.243144	-13.243144	-13.243144
1.5263158	-14.421693	-14.421693	-14.421693
1.5701754	-15.677603	-15.677603	-15.677603
1.6140351	-17.002914	-17.002914	-17.002914
1.6578947	-18.420942	-18.420942	-18.420942
1.7017544	-19.939337	-19.939337	-19.939337
1.7456140	-21.462407	-21.462407	-21.462407
1.7894737	-23.073656	-23.073656	-23.073656
1.8333333	-24.854791	-24.854791	-24.854791
1.8771930	-26.569390	-26.569390	-26.569390
1.9210526	-28.546567	-28.546567	-28.546567
1.9649123	-30.448363	-30.448363	-30.448363
2.0087719	-32.526115	-32.526115	-32.526115
2.0526316	-34.766856	-34.766856	-34.766856
2.0964912	-36.871565	-36.871565	-36.871565
2.1403509	-39.271380	-39.271380	-39.271380
2.1842105	-41.841684	-41.841684	-41.841684
2.2280702	-44.280445	-44.280445	-44.280445
2.2719298	-46.793594	-46.793594	-46.793594
2.3157895	-4448.8202	-4577.6752	-2596.6444
2.3596491	-5445.3330	-6385.7002	-2743.1541
2.4035088	-3728.4467	-5557.6729	-2771.3892
2.4473684	-3269.2006	-3582.5049	-2919.8528
2.4912281	-3412.0335	-4364.1937	-2409.4200
2.5350877	-3572.5055	-5225.0663	-2832.0919
2.5789474	-4613.3665	-5456.8951	-3974.4832
2.6228070	-5647.5097	-5657.8632	-4995.5211
2.6666667	-5080.5787	-5365.3501	-4029.6011
2.7105263	-3119.2010	-4129.0015	-2905.0634
2.7543860	-1318.8694	-2208.7947	-1272.7490
2.7982456	-714.97509	-1507.4781	-703.65432
2.8421053	-1156.9602	-1440.1229	-518.48441
2.8859649	-1937.4775	-1987.2129	-1069.5527
2.9298246	-2540.1190	-2583.0499	-1884.9806
2.9736842	-2860.4804	-2883.4554	-2408.6012
3.0175439	-3026.1891	-3049.6151	-2835.0088
3.0614035	-3162.7317	-3354.6839	-3151.5225
3.1052632	-3290.9417	-3619.1128	-3270.4523
3.1491228	-3350.5563	-3811.7606	-3322.2339
3.1929825	-3269.4676	-3862.2390	-3233.5313
3.2368421	-3015.4053	-3702.0393	-2973.4029
3.2807018	-2609.7423	-3311.0484	-2565.6263
3.3245614	-2112.6430	-2728.8705	-2072.1010
3.3684211	-1597.5896	-2037.8387	-1566.4379
3.4122807	-1129.2440	-1334.4589	-1110.7309
3.4561404	-750.84796	-780.18273	-703.66414
3.5000000	-481.22852	-494.89113	-203.22020
3.5438596	-318.42750	-344.84894	140.78780
3.5877193	-246.41770	-281.84897	330.18435
3.6315789	-242.14144	-282.42975	386.56212
3.6754386	-281.26378	-322.52761	342.16328
3.7192982	-342.03780	-381.10731	231.99164
3.7631579	-407.34224	-441.96287	88.175124
3.8070175	-465.28341	-494.12796	-63.283385
3.8508772	-508.84501	-531.39738	-203.74078
3.8947368	-535.02254	-551.39483	-321.71177
3.9385965	-543.77332	-554.50521	-411.81048
3.9824561	-536.99866	-542.87210	-473.31174
4.0263158	-517.67683	-519.56452	-482.16449
4.0701754	-489.19421	-522.19784	-468.97969
4.1140351	-454.87551	-519.01177	-447.11933
4.1578947	-417.68859	-504.25601	-412.32578
4.2017544	-380.08833	-482.59742	-373.46897
4.2456140	-343.96273	-457.93909	-336.43759
4.2894737	-310.64807	-433.30344	-302.44910
4.3333333	-280.98601	-410.83449	-272.24968
4.3771930	-255.40213	-391.87614	-246.19434
4.4210526	-233.99124	-377.09238	-224.33104
4.4649123	-216.60015	-366.60426	-206.48051
4.5087719	-202.90202	-360.12619	-192.30681
4.5526316	-192.45967	-357.09103	-181.37666
4.5964912	-184.77701	-356.75785	-173.20697
4.6403509	-179.33885	-358.30022	-167.30134
4.6842105	-175.64049	-360.87502	-163.17673
4.7280702	-173.20826	-363.67332	-160.38184
4.7719298	-171.61285	-365.95553	-158.50867
4.8157895	-170.47681	-367.07364	-157.19887
4.8596491	-169.47759	-366.48291	-156.14607
4.9035088	-168.34738	-363.74562	-155.09523
4.9473684	-166.87065	-358.52887	-153.84012
4.9912281	-164.88018	-350.59836	-152.21940
5.0350877	-162.25225	-339.80941	-150.11202
5.0789474	-158.90142	-326.09662	-147.43231
5.1228070	-154.77519	-309.46272	-144.12503
5.1666667	-149.84887	-289.96765	-140.16057
5.2105263	-144.12074	-267.71789	-135.53058
5.2543860	-137.60765	-242.85669	-130.24385
5.2982456	-130.34107	-215.55517	-124.32275
5.3421053	-122.36358	-186.00446	-117.80005
5.3859649	-113.72592	-154.40884	-110.71622
5.4298246	-104.48441	-120.97994	-99.463967
5.4736842	-94.698814	-95.051807	-83.954406
5.5175439	-84.430566	-86.571529	-49.477264
5.5614035	-73.741358	-77.727809	-11.823965
5.6052632	-62.691986	-68.571723	26.827351
5.6491228	-51.341470	-59.153035	66.285136
5.6929825	-39.746380	-49.519577	106.36833
5.7368421	-27.960352	-39.716808	146.90730
5.7807018	-16.033750	-29.787498	187.74440
5.8245614	-4.0134594	-19.771527	228.73422
5.8684211	8.0572228	0.0000000	269.74362
5.9122807	20.138613	0.37588915	310.65154
5.9561404	32.194601	10.442642	351.34869
6.0000000	44.192563	20.466577	391.73706
